date/time: .08/11/2023.03:00 p.m.
Run 1

time	(LX)	(V)
0.000000	3.044910E+1	2.954562E-1
0.005000	3.204244E+1	3.456942E-1
0.010000	3.363579E+1	3.984440E-1
0.015000	2.865658E+1	4.386344E-1
0.020000	2.885575E+1	4.813366E-1
0.025000	2.377697E+1	5.340865E-1
0.030000	2.636615E+1	5.717650E-1
0.035000	2.517114E+1	6.144672E-1
0.040000	2.278112E+1	6.722409E-1
0.045000	2.477281E+1	7.074074E-1
0.050000	2.477281E+1	7.601573E-1
0.055000	2.347821E+1	8.103952E-1
0.060000	2.158612E+1	8.505856E-1
0.065000	2.168570E+1	8.907759E-1
0.070000	2.168570E+1	9.460377E-1
0.075000	2.387655E+1	9.962756E-1
0.080000	2.317946E+1	1.033954E+0
0.085000	2.427489E+1	1.081680E+0
0.090000	2.756116E+1	1.134430E+0
0.095000	2.546989E+1	1.177132E+0
0.100000	2.955284E+1	1.212299E+0
0.105000	2.686407E+1	1.262537E+0
0.110000	2.955284E+1	1.317799E+0
0.115000	3.512955E+1	1.357989E+0
0.120000	3.064826E+1	1.398179E+0
0.125000	3.403412E+1	1.455953E+0
0.130000	3.433287E+1	1.496143E+0
0.135000	3.911291E+1	1.536334E+0
0.140000	4.080584E+1	1.599131E+0
0.145000	3.821665E+1	1.636809E+0
0.150000	4.528712E+1	1.671976E+0
0.155000	4.937007E+1	1.729750E+0
0.160000	4.927048E+1	1.774964E+0
0.165000	5.305467E+1	1.817666E+0
0.170000	4.867298E+1	1.872928E+0
0.175000	5.375176E+1	1.920654E+0
0.180000	5.405052E+1	1.965868E+0
0.185000	5.942805E+1	2.016106E+0
0.190000	6.261474E+1	2.058808E+0
0.195000	6.211682E+1	2.104022E+0
0.200000	6.679727E+1	2.146725E+0
0.205000	6.500476E+1	2.101511E+0
0.210000	6.012514E+1	2.058808E+0
0.215000	6.371017E+1	2.018618E+0
0.220000	5.863138E+1	1.968380E+0
0.225000	5.683887E+1	1.940749E+0
0.230000	5.693845E+1	1.893023E+0
0.235000	5.126216E+1	1.855345E+0
0.240000	5.345301E+1	1.822690E+0
0.245000	5.305467E+1	1.779988E+0
0.250000	4.688046E+1	1.732262E+0
0.255000	4.857339E+1	1.697095E+0
0.260000	4.150293E+1	1.661928E+0
0.265000	4.688046E+1	1.619226E+0
0.270000	4.110459E+1	1.566476E+0
0.275000	3.901332E+1	1.536334E+0
0.280000	4.190126E+1	1.501167E+0
0.285000	3.672289E+1	1.455953E+0
0.290000	3.981000E+1	1.415763E+0
0.295000	3.652372E+1	1.385620E+0
0.300000	3.154452E+1	1.330358E+0
0.305000	3.134535E+1	1.297703E+0
0.310000	2.636615E+1	1.267561E+0
0.315000	2.985159E+1	1.214811E+0
0.320000	2.666490E+1	1.179644E+0
0.325000	2.556948E+1	1.144478E+0
0.330000	2.387655E+1	1.094240E+0
0.335000	2.477281E+1	1.059073E+0
0.340000	2.397613E+1	1.031442E+0
0.345000	2.497197E+1	9.812042E-1
0.350000	2.228320E+1	9.435258E-1
0.355000	2.507156E+1	9.058473E-1
0.360000	2.228320E+1	8.681689E-1
0.365000	2.088903E+1	8.304904E-1
0.370000	2.108820E+1	7.903000E-1
0.375000	2.288071E+1	7.475978E-1
0.380000	2.108820E+1	7.124312E-1
0.385000	2.298029E+1	6.621933E-1
0.390000	2.347821E+1	6.345624E-1
0.395000	2.517114E+1	5.918601E-1
0.400000	2.885575E+1	5.516698E-1
0.405000	2.497197E+1	5.165032E-1
0.410000	2.776033E+1	4.687772E-1
0.415000	2.825825E+1	4.411463E-1
0.420000	2.636615E+1	3.984440E-1
0.425000	3.084743E+1	3.557418E-1
0.430000	3.064826E+1	3.230871E-1
0.435000	3.493038E+1	2.778729E-1
0.440000	3.194286E+1	2.376826E-1
0.445000	2.795950E+1	2.000041E-1
0.450000	3.184327E+1	1.573019E-1
0.455000	3.303828E+1	1.246472E-1
0.460000	3.761915E+1	8.696874E-2
0.465000	3.781832E+1	3.924268E-2
0.470000	4.160251E+1	1.161181E-2
0.475000	4.976840E+1	-3.109045E-2
0.480000	4.897173E+1	-8.132840E-2
0.485000	5.156091E+1	-1.064474E-1
0.490000	5.265634E+1	-1.566853E-1
0.495000	5.863138E+1	-1.893400E-1
0.500000	5.614178E+1	-2.295303E-1
0.505000	5.434927E+1	-2.722326E-1
0.510000	5.494677E+1	-3.023754E-1
0.515000	5.504636E+1	-3.425657E-1
0.520000	6.440726E+1	-3.902918E-1
0.525000	6.141973E+1	-4.204346E-1
0.530000	6.321225E+1	-4.606249E-1
0.535000	6.839062E+1	-5.058391E-1
0.540000	6.301308E+1	-5.384937E-1
0.545000	6.380975E+1	-5.761722E-1
0.550000	6.858979E+1	-6.163626E-1
0.555000	6.908771E+1	-6.565529E-1
0.560000	7.287190E+1	-6.917195E-1
0.565000	7.307107E+1	-7.319098E-1
0.570000	7.775152E+1	-7.645645E-1
0.575000	7.894653E+1	-8.072668E-1
0.580000	7.765193E+1	-8.474571E-1
0.585000	7.645693E+1	-8.801118E-1
0.590000	8.073904E+1	-9.278379E-1
0.595000	8.302947E+1	-9.655163E-1
0.600000	8.053987E+1	-9.981710E-1
0.605000	8.133654E+1	-1.040873E+0
0.610000	7.934486E+1	-1.078552E+0
0.615000	8.053987E+1	-1.113718E+0
0.620000	8.083862E+1	-1.158932E+0
0.625000	8.083862E+1	-1.194099E+0
0.630000	8.024112E+1	-1.234289E+0
0.635000	7.934486E+1	-1.279504E+0
0.640000	7.984278E+1	-1.307134E+0
0.645000	7.844861E+1	-1.339789E+0
0.650000	7.864777E+1	-1.395051E+0
0.655000	7.745277E+1	-1.432729E+0
0.660000	7.645693E+1	-1.457848E+0
0.665000	7.536150E+1	-1.503062E+0
0.670000	7.705443E+1	-1.540741E+0
0.675000	7.277232E+1	-1.568372E+0
0.680000	6.898812E+1	-1.623633E+0
0.685000	7.366857E+1	-1.651264E+0
0.690000	7.048188E+1	-1.686431E+0
0.695000	6.968521E+1	-1.729133E+0
0.700000	7.038230E+1	-1.774347E+0
0.705000	6.211682E+1	-1.801978E+0
0.710000	6.420809E+1	-1.844680E+0
0.715000	6.261474E+1	-1.882359E+0
0.720000	5.564386E+1	-1.917525E+0
0.725000	5.614178E+1	-1.965252E+0
0.730000	5.673928E+1	-1.997906E+0
0.735000	6.510434E+1	-2.033073E+0
0.740000	5.763554E+1	-2.070751E+0
0.745000	4.877256E+1	-2.105918E+0
0.750000	5.205883E+1	-2.148620E+0
0.755000	5.215842E+1	-2.193834E+0
0.760000	4.867298E+1	-2.226489E+0
0.765000	4.030792E+1	-2.264167E+0
0.770000	3.851540E+1	-2.306870E+0
0.775000	4.548629E+1	-2.339524E+0
0.780000	4.399253E+1	-2.369667E+0
0.785000	3.702164E+1	-2.417393E+0
0.790000	3.393454E+1	-2.447536E+0
0.795000	3.383495E+1	-2.480191E+0
0.800000	3.502996E+1	-2.532940E+0
0.805000	3.572705E+1	-2.565595E+0
0.810000	3.154452E+1	-2.598250E+0
0.815000	3.234119E+1	-2.640952E+0
0.820000	3.463163E+1	-2.666071E+0
0.825000	3.283911E+1	-2.615833E+0
0.830000	3.562747E+1	-2.563083E+0
0.835000	3.821665E+1	-2.522893E+0
0.840000	4.020833E+1	-2.485214E+0
0.845000	4.100501E+1	-2.434976E+0
0.850000	4.170209E+1	-2.384738E+0
0.855000	4.518754E+1	-2.342036E+0
0.860000	4.379336E+1	-2.296822E+0
0.865000	4.160251E+1	-2.251608E+0
0.870000	4.548629E+1	-2.213929E+0
0.875000	4.359419E+1	-2.158668E+0
0.880000	4.857339E+1	-2.120989E+0
0.885000	4.478920E+1	-2.075775E+0
0.890000	5.056507E+1	-2.023025E+0
0.895000	5.813346E+1	-1.992882E+0
0.900000	5.484719E+1	-1.950180E+0
0.905000	5.902972E+1	-1.892406E+0
0.910000	5.893013E+1	-1.852216E+0
0.915000	6.540310E+1	-1.812026E+0
0.920000	6.580143E+1	-1.761788E+0
0.925000	6.819145E+1	-1.716574E+0
0.930000	7.307107E+1	-1.676383E+0
0.935000	7.018313E+1	-1.623633E+0
0.940000	7.287190E+1	-1.580931E+0
0.945000	7.516233E+1	-1.543253E+0
0.950000	7.376816E+1	-1.485479E+0
0.955000	8.193405E+1	-1.447801E+0
0.960000	7.585942E+1	-1.407610E+0
0.965000	7.655651E+1	-1.347325E+0
0.970000	8.034070E+1	-1.309646E+0
0.975000	7.934486E+1	-1.269456E+0
0.980000	8.223280E+1	-1.216706E+0
0.985000	7.924528E+1	-1.176516E+0
0.990000	7.984278E+1	-1.131302E+0
0.995000	8.283030E+1	-1.078552E+0
1.000000	8.213322E+1	-1.043385E+0
1.005000	8.153571E+1	-9.956591E-1
1.010000	7.954403E+1	-9.504449E-1
1.015000	8.253155E+1	-9.077427E-1
1.020000	7.765193E+1	-8.524809E-1
1.025000	7.685526E+1	-8.097787E-1
1.030000	7.615817E+1	-7.670764E-1
1.035000	7.964362E+1	-7.118147E-1
1.040000	7.715401E+1	-6.841838E-1
1.045000	7.307107E+1	-6.314339E-1
1.050000	7.127856E+1	-5.837079E-1
1.055000	6.679727E+1	-5.460294E-1
1.060000	7.207523E+1	-4.882558E-1
1.065000	6.729519E+1	-4.455535E-1
1.070000	6.600060E+1	-4.078751E-1
1.075000	6.639894E+1	-3.501014E-1
1.080000	5.644053E+1	-3.149349E-1
1.085000	6.420809E+1	-2.596731E-1
1.090000	6.082223E+1	-2.245066E-1
1.095000	5.863138E+1	-1.692448E-1
1.100000	5.614178E+1	-1.265426E-1
1.105000	4.020833E+1	-8.384029E-2
1.110000	5.016674E+1	-3.611424E-2
1.115000	4.508795E+1	6.588017E-3
1.120000	4.449045E+1	6.436166E-2
1.125000	4.827464E+1	9.701633E-2
1.130000	3.512955E+1	1.472543E-1
1.135000	4.468961E+1	1.949803E-1
1.140000	3.642414E+1	2.326588E-1
1.145000	3.393454E+1	2.904324E-1
1.150000	4.220001E+1	3.306228E-1
1.155000	2.885575E+1	3.708132E-1
1.160000	3.044910E+1	4.210511E-1
1.165000	3.024993E+1	4.712891E-1
1.170000	2.447405E+1	5.139913E-1
1.175000	2.726241E+1	5.566936E-1
1.180000	2.337863E+1	6.069315E-1
1.185000	2.517114E+1	6.596814E-1
1.190000	2.656532E+1	6.998717E-1
1.195000	2.307988E+1	7.375502E-1
1.200000	2.457364E+1	7.903000E-1
1.205000	2.108820E+1	8.405380E-1
1.210000	2.278112E+1	8.731927E-1
1.215000	2.337863E+1	9.284544E-1
1.220000	2.437447E+1	9.736686E-1
1.225000	2.128736E+1	1.013859E+0
1.230000	2.457364E+1	1.074144E+0
1.235000	2.845742E+1	1.106799E+0
1.240000	2.278112E+1	1.162061E+0
1.245000	2.795950E+1	1.212299E+0
1.250000	2.397613E+1	1.244953E+0
1.255000	2.746157E+1	1.297703E+0
1.260000	3.224161E+1	1.347941E+0
1.265000	2.845742E+1	1.383108E+0
1.270000	3.732040E+1	1.435858E+0
1.275000	3.323745E+1	1.483584E+0
1.280000	2.985159E+1	1.523774E+0
1.285000	4.000916E+1	1.576524E+0
1.290000	4.060667E+1	1.624250E+0
1.295000	4.299669E+1	1.664440E+0
1.300000	4.349461E+1	1.717190E+0
1.305000	4.279752E+1	1.767428E+0
1.310000	5.554428E+1	1.800083E+0
1.315000	5.225800E+1	1.855345E+0
1.320000	5.235759E+1	1.903071E+0
1.325000	5.544469E+1	1.948285E+0
1.330000	6.122057E+1	1.998523E+0
1.335000	6.610018E+1	2.043737E+0
1.340000	6.012514E+1	2.093975E+0
1.345000	6.251516E+1	2.141701E+0
1.350000	6.759395E+1	2.111558E+0
1.355000	6.112098E+1	2.071368E+0
1.360000	6.490518E+1	2.033689E+0
1.365000	5.713762E+1	1.993499E+0
1.370000	5.265634E+1	1.948285E+0
1.375000	5.534511E+1	1.918142E+0
1.380000	4.897173E+1	1.865392E+0
1.385000	5.195925E+1	1.835249E+0
1.390000	4.986799E+1	1.787523E+0
1.395000	4.588462E+1	1.749845E+0
1.400000	4.797589E+1	1.709655E+0
1.405000	3.990958E+1	1.666952E+0
1.410000	4.717922E+1	1.626762E+0
1.415000	4.548629E+1	1.589083E+0
1.420000	3.881416E+1	1.556429E+0
1.425000	3.622497E+1	1.501167E+0
1.430000	3.881416E+1	1.473536E+0
1.435000	3.901332E+1	1.423298E+0
1.440000	3.433287E+1	1.393155E+0
1.445000	3.124577E+1	1.350453E+0
1.450000	3.383495E+1	1.310263E+0
1.455000	2.915450E+1	1.272584E+0
1.460000	2.945326E+1	1.232394E+0
1.465000	2.596781E+1	1.194716E+0
1.470000	2.566906E+1	1.154525E+0
1.475000	2.706324E+1	1.114335E+0
1.480000	2.556948E+1	1.071633E+0
1.485000	2.397613E+1	1.036466E+0
1.490000	2.566906E+1	9.962756E-1
1.495000	2.507156E+1	9.611091E-1
1.500000	2.238279E+1	9.133830E-1
1.505000	2.238279E+1	8.807283E-1
1.510000	2.337863E+1	8.304904E-1
1.515000	2.288071E+1	8.078833E-1
1.520000	2.437447E+1	7.601573E-1
1.525000	2.208404E+1	7.199669E-1
1.530000	2.387655E+1	6.873122E-1
1.535000	2.417530E+1	6.395862E-1
1.540000	2.387655E+1	6.144672E-1
1.545000	2.307988E+1	5.566936E-1
1.550000	2.377697E+1	5.215270E-1
1.555000	2.367738E+1	4.838485E-1
1.560000	2.477281E+1	4.436582E-1
1.565000	2.616698E+1	4.110035E-1
1.570000	2.626657E+1	3.657894E-1
1.575000	2.995118E+1	3.306228E-1
1.580000	3.134535E+1	2.954562E-1
1.585000	3.005076E+1	2.502421E-1
1.590000	3.114618E+1	2.150755E-1
1.595000	3.522913E+1	1.799089E-1
1.600000	3.582663E+1	1.372067E-1
1.605000	3.532871E+1	8.696874E-2
1.610000	4.170209E+1	5.431407E-2
1.615000	3.951124E+1	2.165940E-2
1.620000	4.229960E+1	-2.104286E-2
1.625000	4.946965E+1	-6.123322E-2
1.630000	5.146133E+1	-9.137599E-2
1.635000	5.863138E+1	-1.416139E-1
1.640000	5.116258E+1	-1.717567E-1
1.645000	5.624136E+1	-2.119471E-1
1.650000	5.424968E+1	-2.621850E-1
1.655000	5.893013E+1	-2.948397E-1
1.660000	6.271433E+1	-3.249825E-1
1.665000	6.082223E+1	-3.802442E-1
1.670000	6.231599E+1	-4.053632E-1
1.675000	5.962722E+1	-4.556011E-1
1.680000	6.749436E+1	-4.832320E-1
1.685000	7.058147E+1	-5.259343E-1
1.690000	6.819145E+1	-5.636127E-1
1.695000	7.267273E+1	-5.962674E-1
1.700000	7.406691E+1	-6.465053E-1
1.705000	7.416649E+1	-6.741362E-1
1.710000	7.874736E+1	-7.243742E-1
1.715000	7.536150E+1	-7.545169E-1
1.720000	7.924528E+1	-7.896835E-1
1.725000	7.765193E+1	-8.348976E-1
1.730000	7.566025E+1	-8.650404E-1
1.735000	7.805027E+1	-9.127665E-1
1.740000	7.645693E+1	-9.479330E-1
1.745000	7.655651E+1	-9.805877E-1
1.750000	8.173488E+1	-1.035849E+0
1.755000	8.014154E+1	-1.065992E+0
1.760000	8.103779E+1	-1.101159E+0
1.765000	7.994237E+1	-1.148885E+0
1.770000	8.034070E+1	-1.179028E+0
1.775000	8.372656E+1	-1.224242E+0
1.780000	8.233238E+1	-1.261920E+0
1.785000	8.034070E+1	-1.294575E+0
1.790000	7.954403E+1	-1.334765E+0
1.795000	7.984278E+1	-1.369932E+0
1.800000	7.904611E+1	-1.402586E+0
1.805000	7.805027E+1	-1.452824E+0
1.810000	7.556067E+1	-1.487991E+0
1.815000	7.814985E+1	-1.528181E+0
1.820000	7.307107E+1	-1.565860E+0
1.825000	7.297148E+1	-1.611074E+0
1.830000	7.217481E+1	-1.643729E+0
1.835000	7.486358E+1	-1.673871E+0
1.840000	6.839062E+1	-1.711550E+0
1.845000	7.217481E+1	-1.761788E+0
1.850000	6.520393E+1	-1.794442E+0
1.855000	6.610018E+1	-1.829609E+0
1.860000	6.570185E+1	-1.872311E+0
1.865000	5.972681E+1	-1.907478E+0
1.870000	6.600060E+1	-1.940133E+0
1.875000	6.022473E+1	-1.985347E+0
1.880000	5.624136E+1	-2.030561E+0
1.885000	5.763554E+1	-2.060704E+0
1.890000	5.693845E+1	-2.093358E+0
1.895000	4.827464E+1	-2.136061E+0
1.900000	5.116258E+1	-2.178763E+0
1.905000	5.235759E+1	-2.211417E+0
1.910000	4.339502E+1	-2.241560E+0
1.915000	4.498837E+1	-2.294310E+0
1.920000	4.419169E+1	-2.324453E+0
1.925000	3.732040E+1	-2.359619E+0
1.930000	4.439086E+1	-2.404834E+0
1.935000	4.090542E+1	-2.442512E+0
1.940000	3.841582E+1	-2.472655E+0
1.945000	3.313787E+1	-2.507821E+0
1.950000	3.234119E+1	-2.553036E+0
1.955000	3.453204E+1	-2.593226E+0
1.960000	3.343662E+1	-2.623369E+0
1.965000	2.566906E+1	-2.666071E+0
1.970000	2.965242E+1	-2.635928E+0
1.975000	3.034951E+1	-2.583178E+0
1.980000	3.154452E+1	-2.535452E+0
1.985000	3.831624E+1	-2.497774E+0
1.990000	3.901332E+1	-2.447536E+0
1.995000	3.443246E+1	-2.397298E+0
2.000000	3.911291E+1	-2.364643E+0
2.005000	3.971041E+1	-2.316917E+0
2.010000	4.399253E+1	-2.264167E+0
2.015000	4.548629E+1	-2.223977E+0
2.020000	4.319585E+1	-2.183787E+0
2.025000	4.618338E+1	-2.136061E+0
2.030000	5.365218E+1	-2.083311E+0
2.035000	5.355259E+1	-2.040608E+0
2.040000	5.902972E+1	-2.002930E+0
2.045000	5.853180E+1	-1.957716E+0
2.050000	6.221641E+1	-1.904966E+0
2.055000	6.590102E+1	-1.867288E+0
2.060000	6.649852E+1	-1.819561E+0
2.065000	6.849020E+1	-1.784395E+0
2.070000	6.709603E+1	-1.734157E+0
2.075000	6.540310E+1	-1.686431E+0
2.080000	6.839062E+1	-1.643729E+0
2.085000	6.669769E+1	-1.596003E+0
2.090000	7.426608E+1	-1.540741E+0
2.095000	7.416649E+1	-1.508086E+0
2.100000	7.864777E+1	-1.467896E+0
2.105000	7.814985E+1	-1.415146E+0
2.110000	7.984278E+1	-1.372444E+0
2.115000	8.044029E+1	-1.332253E+0
2.120000	7.765193E+1	-1.279504E+0
2.125000	7.864777E+1	-1.229266E+0
2.130000	8.193405E+1	-1.189075E+0
2.135000	8.322864E+1	-1.151397E+0
2.140000	8.143613E+1	-1.096135E+0
2.145000	8.173488E+1	-1.048409E+0
2.150000	8.352739E+1	-1.008219E+0
2.155000	7.984278E+1	-9.680282E-1
2.160000	8.213322E+1	-9.228141E-1
2.165000	7.894653E+1	-8.675523E-1
2.170000	7.874736E+1	-8.198263E-1
2.175000	8.024112E+1	-7.871716E-1
2.180000	7.795069E+1	-7.344217E-1
2.185000	7.605859E+1	-6.866957E-1
2.190000	7.426608E+1	-6.439934E-1
2.195000	7.476400E+1	-5.937555E-1
2.200000	7.287190E+1	-5.460294E-1
2.205000	7.237398E+1	-5.058391E-1
2.210000	7.237398E+1	-4.656487E-1
2.215000	6.291350E+1	-4.103870E-1
2.220000	6.520393E+1	-3.727085E-1
2.225000	6.271433E+1	-3.325181E-1
2.230000	5.823305E+1	-2.797683E-1
2.235000	6.171849E+1	-2.345541E-1
2.240000	4.837422E+1	-1.943638E-1
2.245000	5.464802E+1	-1.416139E-1
2.250000	4.847381E+1	-8.635219E-2
2.255000	4.937007E+1	-5.118563E-2
2.260000	5.355259E+1	-1.350716E-2
2.265000	4.628296E+1	3.924268E-2
2.270000	4.717922E+1	8.696874E-2
2.275000	4.200085E+1	1.246472E-1
2.280000	3.433287E+1	1.849327E-1
2.285000	3.652372E+1	2.251231E-1
2.290000	3.562747E+1	2.703373E-1
2.295000	4.020833E+1	3.255990E-1
2.300000	3.751956E+1	3.632775E-1
2.305000	3.313787E+1	4.084916E-1
2.310000	2.955284E+1	4.612415E-1
2.315000	2.636615E+1	4.913842E-1
2.320000	2.875617E+1	5.441341E-1
2.325000	2.317946E+1	5.993958E-1
2.330000	2.268154E+1	6.345624E-1
2.335000	2.387655E+1	6.772647E-1
2.340000	2.238279E+1	7.275026E-1
2.345000	2.268154E+1	7.727168E-1
2.350000	2.268154E+1	8.154190E-1
2.355000	2.337863E+1	8.681689E-1
2.360000	2.178528E+1	9.209187E-1
2.365000	2.118778E+1	9.611091E-1
2.370000	2.178528E+1	9.987875E-1
2.375000	2.317946E+1	1.051537E+0
2.380000	2.437447E+1	1.094240E+0
2.385000	2.198445E+1	1.136942E+0
2.390000	2.447405E+1	1.194716E+0
2.395000	2.437447E+1	1.234906E+0
2.400000	2.586823E+1	1.282632E+0
2.405000	2.566906E+1	1.335382E+0
2.410000	3.124577E+1	1.373060E+0
2.415000	3.512955E+1	1.423298E+0
2.420000	3.224161E+1	1.473536E+0
2.425000	3.313787E+1	1.516238E+0
2.430000	4.299669E+1	1.556429E+0
2.435000	4.389294E+1	1.609179E+0
2.440000	4.996757E+1	1.649369E+0
2.445000	4.339502E+1	1.699607E+0
2.450000	4.349461E+1	1.747333E+0
2.455000	5.315426E+1	1.797571E+0
2.460000	4.339502E+1	1.847809E+0
2.465000	5.006715E+1	1.885487E+0
2.470000	5.385135E+1	1.935725E+0
2.475000	5.176008E+1	1.985963E+0
2.480000	5.972681E+1	2.028666E+0
2.485000	5.136175E+1	2.073880E+0
2.490000	5.962722E+1	2.124118E+0
2.495000	6.201724E+1	2.124118E+0
2.500000	5.942805E+1	2.088951E+0
2.505000	6.371017E+1	2.046249E+0
2.510000	6.211682E+1	1.998523E+0
2.515000	5.624136E+1	1.958332E+0
2.520000	5.932847E+1	1.928190E+0
2.525000	5.464802E+1	1.882975E+0
2.530000	5.972681E+1	1.837761E+0
2.535000	4.717922E+1	1.802595E+0
2.540000	5.026632E+1	1.767428E+0
2.545000	4.558587E+1	1.727238E+0
2.550000	3.990958E+1	1.677000E+0
2.555000	4.379336E+1	1.639321E+0
2.560000	3.592622E+1	1.601643E+0
2.565000	3.821665E+1	1.556429E+0
2.570000	3.851540E+1	1.521262E+0
2.575000	3.473121E+1	1.486096E+0
2.580000	3.652372E+1	1.433346E+0
2.585000	2.566906E+1	1.400691E+0
2.590000	3.463163E+1	1.368036E+0
2.595000	3.273953E+1	1.325334E+0
2.600000	3.064826E+1	1.285144E+0
2.605000	2.905492E+1	1.252489E+0
2.610000	2.656532E+1	1.212299E+0
2.615000	2.855700E+1	1.154525E+0
2.620000	2.507156E+1	1.124382E+0
2.625000	2.158612E+1	1.091728E+0
2.630000	2.606740E+1	1.049025E+0
2.635000	2.198445E+1	1.003811E+0
2.640000	2.088903E+1	9.736686E-1
2.645000	1.989319E+1	9.309663E-1
2.650000	2.377697E+1	8.832402E-1
2.655000	2.118778E+1	8.530975E-1
2.660000	2.188487E+1	8.179309E-1
2.665000	1.999277E+1	7.702049E-1
2.670000	2.397613E+1	7.325264E-1
2.675000	2.238279E+1	6.923360E-1
2.680000	2.178528E+1	6.446100E-1
2.685000	2.865658E+1	6.194910E-1
2.690000	2.118778E+1	5.793006E-1
2.695000	2.387655E+1	5.315746E-1
2.700000	2.736199E+1	5.014318E-1
2.705000	2.427489E+1	4.612415E-1
2.710000	3.034951E+1	4.185392E-1
2.715000	2.636615E+1	3.808607E-1
2.720000	2.497197E+1	3.406704E-1
2.725000	3.313787E+1	3.029919E-1
2.730000	3.024993E+1	2.628016E-1
2.735000	3.801748E+1	2.301469E-1
2.740000	3.512955E+1	1.824208E-1
2.745000	4.349461E+1	1.472543E-1
2.750000	4.419169E+1	1.095758E-1
2.755000	3.194286E+1	7.692115E-2
2.760000	4.030792E+1	2.919509E-2
2.765000	3.931208E+1	-5.971470E-3
2.770000	4.737838E+1	-4.113804E-2
2.775000	5.982639E+1	-8.635219E-2
2.780000	5.106299E+1	-1.340782E-1
2.785000	5.454844E+1	-1.642210E-1
2.790000	4.767714E+1	-1.968757E-1
2.795000	5.803388E+1	-2.395779E-1
2.800000	5.285551E+1	-2.923278E-1
2.805000	4.867298E+1	-3.174468E-1
2.810000	5.733679E+1	-3.526133E-1
2.815000	6.460642E+1	-4.003394E-1
2.820000	7.197564E+1	-4.430416E-1
2.825000	6.610018E+1	-4.807201E-1
2.830000	6.460642E+1	-5.083510E-1
2.835000	7.396732E+1	-5.560770E-1
2.840000	6.868937E+1	-6.038031E-1
2.845000	7.207523E+1	-6.264102E-1
2.850000	7.137814E+1	-6.640886E-1
2.855000	7.307107E+1	-7.042790E-1
2.860000	7.376816E+1	-7.444693E-1
2.865000	7.396732E+1	-7.771240E-1
2.870000	7.725360E+1	-8.198263E-1
2.875000	8.083862E+1	-8.675523E-1
2.880000	7.805027E+1	-9.002070E-1
2.885000	7.894653E+1	-9.353735E-1
2.890000	8.193405E+1	-9.730520E-1
2.895000	8.083862E+1	-1.015754E+0
2.900000	8.302947E+1	-1.058457E+0
2.905000	8.123696E+1	-1.096135E+0
2.910000	8.173488E+1	-1.131302E+0
2.915000	8.292989E+1	-1.163956E+0
2.920000	8.442365E+1	-1.214194E+0
2.925000	7.994237E+1	-1.256896E+0
2.930000	8.193405E+1	-1.282015E+0
2.935000	8.173488E+1	-1.314670E+0
2.940000	7.874736E+1	-1.364908E+0
2.945000	7.745277E+1	-1.407610E+0
2.950000	7.854819E+1	-1.437753E+0
2.955000	7.715401E+1	-1.472920E+0
2.960000	7.775152E+1	-1.523158E+0
2.965000	7.954403E+1	-1.553300E+0
2.970000	7.346940E+1	-1.578419E+0
2.975000	7.317065E+1	-1.626145E+0
2.980000	7.137814E+1	-1.673871E+0
2.985000	6.580143E+1	-1.698990E+0
2.990000	6.580143E+1	-1.744205E+0
2.995000	6.580143E+1	-1.781883E+0
3.000000	6.858979E+1	-1.837145E+0
3.005000	6.301308E+1	-1.859752E+0
3.010000	6.171849E+1	-1.889895E+0
3.015000	6.420809E+1	-1.937621E+0
3.020000	5.713762E+1	-1.977811E+0
3.025000	5.444885E+1	-2.010466E+0
3.030000	5.534511E+1	-2.043120E+0
3.035000	5.066466E+1	-2.085823E+0
3.040000	5.405052E+1	-2.138572E+0
3.045000	4.429128E+1	-2.163691E+0
3.050000	4.797589E+1	-2.196346E+0
3.055000	4.847381E+1	-2.236536E+0
3.060000	4.000916E+1	-2.281751E+0
3.065000	4.399253E+1	-2.306870E+0
3.070000	4.000916E+1	-2.347060E+0
3.075000	3.642414E+1	-2.382227E+0
3.080000	4.090542E+1	-2.429953E+0
3.085000	3.303828E+1	-2.467631E+0
3.090000	3.951124E+1	-2.502798E+0
3.095000	3.024993E+1	-2.532940E+0
3.100000	2.706324E+1	-2.585690E+0
3.105000	2.596781E+1	-2.618345E+0
3.110000	2.686407E+1	-2.645976E+0
3.115000	2.736199E+1	-2.643464E+0
3.120000	2.875617E+1	-2.605785E+0
3.125000	2.965242E+1	-2.553036E+0
3.130000	3.313787E+1	-2.510333E+0
3.135000	3.303828E+1	-2.462607E+0
3.140000	3.612539E+1	-2.419905E+0
3.145000	3.741998E+1	-2.367155E+0
3.150000	3.722081E+1	-2.324453E+0
3.155000	3.971041E+1	-2.286774E+0
3.160000	4.030792E+1	-2.241560E+0
3.165000	4.538670E+1	-2.186299E+0
3.170000	4.956923E+1	-2.161180E+0
3.175000	4.797589E+1	-2.103406E+0
3.180000	5.086383E+1	-2.058192E+0
3.185000	4.946965E+1	-2.018001E+0
3.190000	5.494677E+1	-1.980323E+0
3.195000	6.062306E+1	-1.925061E+0
3.200000	5.763554E+1	-1.877335E+0
3.205000	5.783471E+1	-1.834633E+0
3.210000	6.261474E+1	-1.794442E+0
3.215000	6.699644E+1	-1.746716E+0
3.220000	6.729519E+1	-1.698990E+0
3.225000	6.151932E+1	-1.656288E+0
3.230000	7.058147E+1	-1.616098E+0
3.235000	7.396732E+1	-1.558324E+0
3.240000	7.227440E+1	-1.520646E+0
3.245000	7.426608E+1	-1.477943E+0
3.250000	7.834902E+1	-1.422682E+0
3.255000	7.775152E+1	-1.382491E+0
3.260000	7.954403E+1	-1.339789E+0
3.265000	7.615817E+1	-1.289551E+0
3.270000	8.302947E+1	-1.249361E+0
3.275000	8.143613E+1	-1.211682E+0
3.280000	8.113738E+1	-1.156421E+0
3.285000	8.123696E+1	-1.116230E+0
3.290000	8.173488E+1	-1.076040E+0
3.295000	8.322864E+1	-1.023290E+0
3.300000	8.332822E+1	-9.755639E-1
3.305000	8.233238E+1	-9.303498E-1
3.310000	8.213322E+1	-8.951832E-1
3.315000	8.073904E+1	-8.374095E-1
3.320000	7.974320E+1	-7.921954E-1
3.325000	7.785110E+1	-7.595407E-1
3.330000	7.615817E+1	-7.067909E-1
3.335000	7.615817E+1	-6.565529E-1
3.340000	7.974320E+1	-6.188745E-1
3.345000	7.018313E+1	-5.661246E-1
3.350000	7.237398E+1	-5.234224E-1
3.355000	7.526192E+1	-4.832320E-1
3.360000	7.078063E+1	-4.254584E-1
3.365000	6.898812E+1	-3.827561E-1
3.370000	6.918729E+1	-3.375419E-1
3.375000	6.371017E+1	-2.873040E-1
3.380000	5.405052E+1	-2.571612E-1
3.385000	5.514594E+1	-1.993876E-1
3.390000	5.803388E+1	-1.591972E-1
3.395000	4.827464E+1	-1.114712E-1
3.400000	4.927048E+1	-6.123322E-2
3.405000	5.325384E+1	-2.606665E-2
3.410000	4.200085E+1	3.421889E-2
3.415000	4.369377E+1	7.189735E-2
3.420000	4.698005E+1	1.120877E-1
3.425000	3.732040E+1	1.698614E-1
3.430000	4.090542E+1	2.100517E-1
3.435000	5.355259E+1	2.527540E-1
3.440000	3.423329E+1	3.055038E-1
3.445000	2.785991E+1	3.482061E-1
3.450000	2.815866E+1	3.909083E-1
3.455000	2.268154E+1	4.411463E-1
3.460000	3.612539E+1	4.838485E-1
3.465000	3.562747E+1	5.240389E-1
3.470000	2.467322E+1	5.793006E-1
3.475000	2.556948E+1	6.295386E-1
3.480000	2.188487E+1	6.571695E-1
3.485000	2.387655E+1	7.124312E-1
3.490000	2.098861E+1	7.651811E-1
3.495000	2.307988E+1	8.003476E-1
3.500000	2.188487E+1	8.505856E-1
3.505000	2.377697E+1	9.008235E-1
3.510000	2.078944E+1	9.435258E-1
3.515000	2.278112E+1	9.837161E-1
3.520000	2.068986E+1	1.036466E+0
3.525000	1.959444E+1	1.084192E+0
3.530000	3.403412E+1	1.131918E+0
3.535000	2.546989E+1	1.174620E+0
3.540000	2.387655E+1	1.224858E+0
3.545000	2.507156E+1	1.267561E+0
3.550000	2.397613E+1	1.317799E+0
3.555000	3.164410E+1	1.355477E+0
3.560000	3.114618E+1	1.395667E+0
3.565000	3.263995E+1	1.453441E+0
3.570000	3.363579E+1	1.496143E+0
3.575000	3.074785E+1	1.538845E+0
3.580000	4.449045E+1	1.591595E+0
3.585000	3.333703E+1	1.644345E+0
3.590000	3.751956E+1	1.684536E+0
3.595000	3.871457E+1	1.727238E+0
3.600000	4.070625E+1	1.774964E+0
3.605000	6.052348E+1	1.835249E+0
3.610000	5.743637E+1	1.870416E+0
3.615000	6.122057E+1	1.913118E+0
3.620000	5.464802E+1	1.968380E+0
3.625000	4.578504E+1	2.016106E+0
3.630000	6.460642E+1	2.056296E+0
3.635000	6.102140E+1	2.109046E+0
3.640000	7.157731E+1	2.144213E+0
3.645000	6.410850E+1	2.096487E+0
3.650000	5.295509E+1	2.058808E+0
3.655000	6.709603E+1	2.018618E+0
3.660000	5.673928E+1	1.973404E+0
3.665000	5.534511E+1	1.940749E+0
3.670000	5.136175E+1	1.893023E+0
3.675000	4.747797E+1	1.865392E+0
3.680000	5.345301E+1	1.815154E+0
3.685000	4.070625E+1	1.774964E+0
3.690000	5.265634E+1	1.734773E+0
3.695000	4.956923E+1	1.694583E+0
3.700000	3.811707E+1	1.659417E+0
3.705000	4.389294E+1	1.609179E+0
3.710000	3.751956E+1	1.581548E+0
3.715000	4.757755E+1	1.536334E+0
3.720000	4.419169E+1	1.498655E+0
3.725000	3.134535E+1	1.455953E+0
3.730000	4.150293E+1	1.413251E+0
3.735000	2.905492E+1	1.380596E+0
3.740000	3.273953E+1	1.335382E+0
3.745000	2.915450E+1	1.295191E+0
3.750000	2.546989E+1	1.260025E+0
3.755000	2.975201E+1	1.212299E+0
3.760000	2.258196E+1	1.179644E+0
3.765000	2.357780E+1	1.141966E+0
3.770000	2.835783E+1	1.099263E+0
3.775000	2.387655E+1	1.061585E+0
3.780000	2.467322E+1	1.028930E+0
3.785000	1.999277E+1	9.786924E-1
3.790000	2.337863E+1	9.435258E-1
3.795000	2.248237E+1	9.008235E-1
3.800000	2.009236E+1	8.606332E-1
3.805000	2.148653E+1	8.330023E-1
3.810000	2.078944E+1	7.903000E-1
3.815000	2.377697E+1	7.425740E-1
3.820000	2.068986E+1	7.074074E-1
3.825000	2.258196E+1	6.747528E-1
3.830000	2.268154E+1	6.270267E-1
3.835000	2.248237E+1	5.918601E-1
3.840000	2.118778E+1	5.516698E-1
3.845000	2.317946E+1	5.014318E-1
3.850000	2.477281E+1	4.788247E-1
3.855000	2.626657E+1	4.336106E-1
3.860000	2.517114E+1	3.883964E-1
3.865000	3.094702E+1	3.657894E-1
3.870000	3.283911E+1	3.180633E-1
3.875000	3.393454E+1	2.728492E-1
3.880000	3.005076E+1	2.401945E-1
3.885000	3.493038E+1	1.974922E-1
3.890000	3.642414E+1	1.522781E-1
3.895000	3.921249E+1	1.145996E-1
3.900000	3.911291E+1	8.696874E-2
3.905000	3.483079E+1	5.180217E-2
3.910000	4.329544E+1	6.588017E-3
3.915000	4.229960E+1	-3.862614E-2
3.920000	4.100501E+1	-7.128081E-2
3.925000	4.767714E+1	-1.039355E-1
3.930000	4.658171E+1	-1.566853E-1
3.935000	5.614178E+1	-1.918519E-1
3.940000	4.986799E+1	-2.245066E-1
3.945000	5.156091E+1	-2.722326E-1
3.950000	6.500476E+1	-3.073992E-1
3.955000	5.345301E+1	-3.475895E-1
3.960000	6.390934E+1	-3.902918E-1
3.965000	6.858979E+1	-4.229465E-1
3.970000	7.247356E+1	-4.581130E-1
3.975000	7.237398E+1	-5.058391E-1
3.980000	5.504636E+1	-5.334699E-1
3.985000	7.058147E+1	-5.761722E-1
3.990000	7.088022E+1	-6.163626E-1
3.995000	7.177648E+1	-6.465053E-1
4.000000	7.297148E+1	-7.017671E-1
4.005000	6.719561E+1	-7.344217E-1
4.010000	7.824944E+1	-7.721002E-1
4.015000	7.964362E+1	-8.122906E-1
4.020000	7.735318E+1	-8.424333E-1
4.025000	8.014154E+1	-8.851356E-1
4.030000	7.884694E+1	-9.253260E-1
4.035000	7.994237E+1	-9.554687E-1
4.040000	8.173488E+1	-1.003195E+0
4.045000	8.173488E+1	-1.040873E+0
4.050000	8.273072E+1	-1.071016E+0
4.055000	8.292989E+1	-1.118742E+0
4.060000	8.243197E+1	-1.161444E+0
4.065000	8.063946E+1	-1.196611E+0
4.070000	8.402531E+1	-1.231777E+0
4.075000	8.083862E+1	-1.271968E+0
4.080000	8.053987E+1	-1.302111E+0
4.085000	7.954403E+1	-1.347325E+0
4.090000	7.954403E+1	-1.390027E+0
4.095000	7.765193E+1	-1.422682E+0
4.100000	7.068105E+1	-1.457848E+0
4.105000	7.705443E+1	-1.510598E+0
4.110000	8.243197E+1	-1.538229E+0
4.115000	8.133654E+1	-1.578419E+0
4.120000	7.834902E+1	-1.618610E+0
4.125000	6.858979E+1	-1.651264E+0
4.130000	7.247356E+1	-1.698990E+0
4.135000	7.187606E+1	-1.724109E+0
4.140000	6.858979E+1	-1.769324E+0
4.145000	6.779311E+1	-1.804490E+0
4.150000	6.141973E+1	-1.844680E+0
4.155000	5.863138E+1	-1.889895E+0
4.160000	6.380975E+1	-1.917525E+0
4.165000	6.122057E+1	-1.960228E+0
4.170000	6.689686E+1	-1.995394E+0
4.175000	5.434927E+1	-2.028049E+0
4.180000	5.534511E+1	-2.080799E+0
4.185000	5.713762E+1	-2.110942E+0
4.190000	5.464802E+1	-2.151132E+0
4.195000	5.295509E+1	-2.183787E+0
4.200000	4.319585E+1	-2.218953E+0
4.205000	3.841582E+1	-2.271703E+0
4.210000	4.419169E+1	-2.299334E+0
4.215000	4.349461E+1	-2.337012E+0
4.220000	5.156091E+1	-2.369667E+0
4.225000	3.712123E+1	-2.414881E+0
4.230000	3.672289E+1	-2.452560E+0
4.235000	3.741998E+1	-2.480191E+0
4.240000	3.343662E+1	-2.525405E+0
4.245000	3.373537E+1	-2.570619E+0
4.250000	3.024993E+1	-2.603273E+0
4.255000	3.114618E+1	-2.635928E+0
4.260000	3.722081E+1	-2.651000E+0
4.265000	3.094702E+1	-2.618345E+0
4.270000	3.154452E+1	-2.565595E+0
4.275000	2.447405E+1	-2.512845E+0
4.280000	2.397613E+1	-2.477679E+0
4.285000	3.931208E+1	-2.440000E+0
4.290000	5.405052E+1	-2.387250E+0
4.295000	5.126216E+1	-2.342036E+0
4.300000	3.811707E+1	-2.294310E+0
4.305000	3.811707E+1	-2.256632E+0
4.310000	5.235759E+1	-2.211417E+0
4.315000	5.335343E+1	-2.158668E+0
4.320000	5.644053E+1	-2.123501E+0
4.325000	5.235759E+1	-2.068239E+0
4.330000	4.727880E+1	-2.030561E+0
4.335000	5.873097E+1	-1.992882E+0
4.340000	6.261474E+1	-1.935109E+0
4.345000	6.261474E+1	-1.892406E+0
4.350000	6.141973E+1	-1.852216E+0
4.355000	5.932847E+1	-1.799466E+0
4.360000	6.440726E+1	-1.769324E+0
4.365000	6.719561E+1	-1.714062E+0
4.370000	7.675568E+1	-1.668848E+0
4.375000	7.446524E+1	-1.623633E+0
4.380000	7.735318E+1	-1.578419E+0
4.385000	7.755235E+1	-1.535717E+0
4.390000	7.297148E+1	-1.485479E+0
4.395000	7.695485E+1	-1.452824E+0
4.400000	8.083862E+1	-1.400075E+0
4.405000	8.123696E+1	-1.357372E+0
4.410000	8.253155E+1	-1.317182E+0
4.415000	8.283030E+1	-1.261920E+0
4.420000	8.173488E+1	-1.219218E+0
4.425000	7.755235E+1	-1.174004E+0
4.430000	8.253155E+1	-1.126278E+0
4.435000	8.183446E+1	-1.088599E+0
4.440000	8.083862E+1	-1.033338E+0
4.445000	7.366857E+1	-1.000683E+0
4.450000	8.492157E+1	-9.454211E-1
4.455000	8.044029E+1	-9.027189E-1
4.460000	7.914569E+1	-8.625285E-1
4.465000	8.263114E+1	-8.122906E-1
4.470000	7.197564E+1	-7.670764E-1
4.475000	7.386774E+1	-7.218623E-1
4.480000	7.416649E+1	-6.741362E-1
4.485000	8.034070E+1	-6.314339E-1
4.490000	7.476400E+1	-5.837079E-1
4.495000	6.151932E+1	-5.384937E-1
4.500000	7.117897E+1	-4.932796E-1
4.505000	6.092181E+1	-4.430416E-1
4.510000	6.988438E+1	-4.078751E-1
4.515000	6.908771E+1	-3.576371E-1
4.520000	4.867298E+1	-3.048873E-1
4.525000	5.823305E+1	-2.722326E-1
4.530000	5.255675E+1	-2.169709E-1
4.535000	6.371017E+1	-1.692448E-1
4.540000	6.032431E+1	-1.315663E-1
4.545000	5.265634E+1	-7.379270E-2
4.550000	5.375176E+1	-3.862614E-2
4.555000	3.751956E+1	6.588017E-3
4.560000	4.050708E+1	5.431407E-2
4.565000	4.946965E+1	9.701633E-2
4.570000	3.921249E+1	1.522781E-1
4.575000	4.319585E+1	1.874446E-1
4.580000	2.726241E+1	2.401945E-1
4.585000	3.343662E+1	2.854086E-1
4.590000	3.702164E+1	3.306228E-1
4.595000	2.975201E+1	3.783488E-1
4.600000	2.935367E+1	4.235630E-1
4.605000	2.626657E+1	4.687772E-1
4.610000	2.756116E+1	5.165032E-1
4.615000	2.407572E+1	5.592055E-1
4.620000	2.377697E+1	5.993958E-1
4.625000	2.566906E+1	6.596814E-1
4.630000	2.188487E+1	6.923360E-1
4.635000	2.317946E+1	7.526216E-1
4.640000	2.168570E+1	7.852762E-1
4.645000	2.059028E+1	8.355142E-1
4.650000	2.238279E+1	8.832402E-1
4.655000	2.307988E+1	9.234306E-1
4.660000	2.009236E+1	9.786924E-1
4.665000	2.228320E+1	1.018883E+0
4.670000	2.616698E+1	1.069121E+0
4.675000	2.208404E+1	1.109311E+0
4.680000	2.596781E+1	1.154525E+0
4.685000	2.507156E+1	1.209787E+0
4.690000	2.835783E+1	1.244953E+0
4.695000	2.965242E+1	1.305239E+0
4.700000	3.074785E+1	1.342917E+0
4.705000	3.134535E+1	1.390644E+0
4.710000	3.831624E+1	1.438370E+0
4.715000	3.194286E+1	1.476048E+0
4.720000	3.652372E+1	1.536334E+0
4.725000	3.702164E+1	1.566476E+0
4.730000	3.921249E+1	1.624250E+0
4.735000	4.180168E+1	1.674488E+0
4.740000	4.030792E+1	1.709655E+0
4.745000	4.239918E+1	1.769940E+0
4.750000	4.827464E+1	1.815154E+0
4.755000	5.464802E+1	1.857856E+0
4.760000	5.823305E+1	1.910606E+0
4.765000	5.285551E+1	1.948285E+0
4.770000	6.161890E+1	1.996011E+0
4.775000	6.371017E+1	2.043737E+0
4.780000	6.500476E+1	2.091463E+0
4.785000	6.649852E+1	2.139189E+0
4.790000	6.520393E+1	2.116582E+0
4.795000	6.659811E+1	2.068856E+0
4.800000	5.982639E+1	2.033689E+0
4.805000	5.424968E+1	1.990987E+0
4.810000	6.181807E+1	1.950797E+0
4.815000	5.006715E+1	1.910606E+0
4.820000	5.624136E+1	1.872928E+0
4.825000	5.176008E+1	1.830226E+0
4.830000	4.927048E+1	1.790035E+0
4.835000	5.026632E+1	1.752357E+0
4.840000	4.578504E+1	1.699607E+0
4.845000	4.956923E+1	1.674488E+0
4.850000	4.389294E+1	1.621738E+0
4.855000	3.981000E+1	1.591595E+0
4.860000	4.508795E+1	1.541357E+0
4.865000	3.562747E+1	1.516238E+0
4.870000	3.990958E+1	1.463489E+0
4.875000	3.383495E+1	1.435858E+0
4.880000	2.935367E+1	1.385620E+0
4.885000	3.433287E+1	1.357989E+0
4.890000	2.915450E+1	1.305239E+0
4.895000	3.184327E+1	1.280120E+0
4.900000	2.566906E+1	1.224858E+0
4.905000	2.457364E+1	1.194716E+0
4.910000	2.915450E+1	1.144478E+0
4.915000	2.626657E+1	1.119359E+0
4.920000	2.626657E+1	1.069121E+0
4.925000	2.238279E+1	1.041490E+0
4.930000	2.278112E+1	9.987875E-1
4.935000	2.377697E+1	9.585972E-1
4.940000	2.059028E+1	9.158949E-1
4.945000	2.158612E+1	8.731927E-1
4.950000	2.337863E+1	8.430499E-1
4.955000	2.228320E+1	7.928119E-1
4.960000	2.029152E+1	7.676930E-1
4.965000	2.029152E+1	7.124312E-1
4.970000	2.258196E+1	6.797765E-1
4.975000	2.198445E+1	6.420981E-1
4.980000	2.357780E+1	6.019077E-1
4.985000	2.218362E+1	5.717650E-1
4.990000	2.646573E+1	5.139913E-1
4.995000	2.566906E+1	4.913842E-1
5.000000	2.437447E+1	4.511939E-1
5.005000	2.975201E+1	4.084916E-1
5.010000	2.596781E+1	3.758370E-1
5.015000	3.064826E+1	3.281109E-1
5.020000	2.915450E+1	2.854086E-1
5.025000	2.885575E+1	2.502421E-1
5.030000	3.443246E+1	2.150755E-1
5.035000	2.875617E+1	1.698614E-1
5.040000	3.592622E+1	1.447424E-1
5.045000	3.692206E+1	9.952822E-2
5.050000	3.791790E+1	5.180217E-2
5.055000	4.309627E+1	2.668320E-2
5.060000	4.369377E+1	-2.355475E-2
5.065000	5.345301E+1	-6.123322E-2
5.070000	4.658171E+1	-9.891168E-2
5.075000	4.956923E+1	-1.391020E-1
5.080000	5.355259E+1	-1.792924E-1
5.085000	4.887214E+1	-2.169709E-1
5.090000	5.813346E+1	-2.546493E-1
5.095000	5.484719E+1	-2.923278E-1
5.100000	5.116258E+1	-3.325181E-1
5.105000	6.042389E+1	-3.727085E-1
5.110000	5.494677E+1	-4.154108E-1
5.115000	6.560226E+1	-4.430416E-1
5.120000	5.833263E+1	-4.857439E-1
5.125000	6.351100E+1	-5.284462E-1
5.130000	7.157731E+1	-5.636127E-1
5.135000	6.500476E+1	-6.113388E-1
5.140000	6.809187E+1	-6.364577E-1
5.145000	7.466441E+1	-6.791600E-1
5.150000	8.053987E+1	-7.193504E-1
5.155000	8.173488E+1	-7.520050E-1
5.160000	7.735318E+1	-7.972192E-1
5.165000	7.635734E+1	-8.348976E-1
5.170000	7.317065E+1	-8.725761E-1
5.175000	7.625776E+1	-9.177903E-1
5.180000	8.053987E+1	-9.454211E-1
5.185000	7.705443E+1	-9.956591E-1
5.190000	8.183446E+1	-1.018266E+0
5.195000	8.073904E+1	-1.068504E+0
5.200000	8.253155E+1	-1.098647E+0
5.205000	8.322864E+1	-1.141349E+0
5.210000	8.382615E+1	-1.181540E+0
5.215000	8.093821E+1	-1.214194E+0
5.220000	8.153571E+1	-1.266944E+0
5.225000	8.014154E+1	-1.294575E+0
5.230000	8.133654E+1	-1.342301E+0
5.235000	8.213322E+1	-1.367420E+0
5.240000	8.163530E+1	-1.410122E+0
5.245000	8.004195E+1	-1.455336E+0
5.250000	8.203363E+1	-1.480455E+0
5.255000	7.416649E+1	-1.530693E+0
5.260000	8.063946E+1	-1.563348E+0
5.265000	7.506275E+1	-1.603538E+0
5.270000	7.625776E+1	-1.641217E+0
5.275000	7.904611E+1	-1.678895E+0
5.280000	7.088022E+1	-1.719086E+0
5.285000	6.809187E+1	-1.749228E+0
5.290000	7.088022E+1	-1.791931E+0
5.295000	7.088022E+1	-1.832121E+0
5.300000	7.127856E+1	-1.869799E+0
5.305000	6.102140E+1	-1.912502E+0
5.310000	6.331183E+1	-1.940133E+0
5.315000	5.773512E+1	-1.985347E+0
5.320000	5.843221E+1	-2.018001E+0
5.325000	6.450684E+1	-2.060704E+0
5.330000	5.285551E+1	-2.098382E+0
5.335000	5.365218E+1	-2.138572E+0
5.340000	5.654012E+1	-2.178763E+0
5.345000	4.658171E+1	-2.206394E+0
5.350000	5.434927E+1	-2.254120E+0
5.355000	4.140334E+1	-2.286774E+0
5.360000	3.871457E+1	-2.326965E+0
5.365000	3.861499E+1	-2.367155E+0
5.370000	3.622497E+1	-2.397298E+0
5.375000	4.459003E+1	-2.440000E+0
5.380000	3.791790E+1	-2.485214E+0
5.385000	3.303828E+1	-2.510333E+0
5.390000	4.040750E+1	-2.558059E+0
5.395000	3.124577E+1	-2.583178E+0
5.400000	3.393454E+1	-2.625881E+0
5.405000	2.546989E+1	-2.663559E+0
5.410000	2.616698E+1	-2.628392E+0
5.415000	3.184327E+1	-2.588202E+0
5.420000	3.104660E+1	-2.540476E+0
5.425000	3.463163E+1	-2.487726E+0
5.430000	3.592622E+1	-2.447536E+0
5.435000	3.990958E+1	-2.412369E+0
5.440000	4.887214E+1	-2.357108E+0
5.445000	4.349461E+1	-2.314405E+0
5.450000	4.897173E+1	-2.274215E+0
5.455000	4.737838E+1	-2.218953E+0
5.460000	4.608379E+1	-2.178763E+0
5.465000	5.166050E+1	-2.133549E+0
5.470000	4.777672E+1	-2.088335E+0
5.475000	5.424968E+1	-2.043120E+0
5.480000	5.893013E+1	-2.007954E+0
5.485000	5.504636E+1	-1.950180E+0
5.490000	6.878895E+1	-1.909990E+0
5.495000	6.201724E+1	-1.869799E+0
5.500000	7.177648E+1	-1.819561E+0
5.505000	6.619977E+1	-1.769324E+0
5.510000	6.610018E+1	-1.729133E+0
5.515000	7.207523E+1	-1.686431E+0
5.520000	7.008355E+1	-1.636193E+0
5.525000	7.476400E+1	-1.601026E+0
5.530000	7.556067E+1	-1.550788E+0
5.535000	7.177648E+1	-1.498039E+0
5.540000	7.904611E+1	-1.462872E+0
5.545000	7.795069E+1	-1.412634E+0
5.550000	8.173488E+1	-1.359884E+0
5.555000	8.053987E+1	-1.324718E+0
5.560000	8.053987E+1	-1.289551E+0
5.565000	8.302947E+1	-1.236801E+0
5.570000	8.273072E+1	-1.189075E+0
5.575000	8.233238E+1	-1.151397E+0
5.580000	8.053987E+1	-1.093623E+0
5.585000	7.964362E+1	-1.053433E+0
5.590000	8.312906E+1	-1.005707E+0
5.595000	7.964362E+1	-9.554687E-1
5.600000	8.004195E+1	-9.152784E-1
5.605000	8.113738E+1	-8.725761E-1
5.610000	8.292989E+1	-8.198263E-1
5.615000	8.183446E+1	-7.871716E-1
5.620000	7.884694E+1	-7.369336E-1
5.625000	7.556067E+1	-6.917195E-1
5.630000	7.048188E+1	-6.490172E-1
5.635000	7.536150E+1	-5.937555E-1
5.640000	7.088022E+1	-5.535651E-1
5.645000	6.948604E+1	-5.083510E-1
5.650000	7.068105E+1	-4.581130E-1
5.655000	6.460642E+1	-4.128989E-1
5.660000	6.570185E+1	-3.727085E-1
5.665000	6.311266E+1	-3.199587E-1
5.670000	6.132015E+1	-2.847921E-1
5.675000	5.753596E+1	-2.295303E-1
5.680000	5.574344E+1	-1.868281E-1
5.685000	5.375176E+1	-1.441258E-1
5.690000	5.385135E+1	-9.639978E-2
5.695000	4.608379E+1	-5.620942E-2
5.700000	4.369377E+1	1.564222E-3
5.705000	4.986799E+1	3.924268E-2
5.710000	4.190126E+1	8.948063E-2
5.715000	3.961083E+1	1.397186E-1
5.720000	3.592622E+1	1.723733E-1
5.725000	3.323745E+1	2.226112E-1
5.730000	3.672289E+1	2.703373E-1
5.735000	3.124577E+1	3.155514E-1
5.740000	2.676449E+1	3.683013E-1
5.745000	2.965242E+1	4.034678E-1
5.750000	2.985159E+1	4.587296E-1
5.755000	3.015034E+1	4.938961E-1
5.760000	2.268154E+1	5.491579E-1
5.765000	2.357780E+1	5.918601E-1
5.770000	2.457364E+1	6.370743E-1
5.775000	2.108820E+1	6.848003E-1
5.780000	2.188487E+1	7.275026E-1
5.785000	1.999277E+1	7.827643E-1
5.790000	2.158612E+1	8.129071E-1
5.795000	2.387655E+1	8.731927E-1
5.800000	2.208404E+1	9.083592E-1
5.805000	2.088903E+1	9.611091E-1
5.810000	3.552788E+1	1.006323E+0
5.815000	3.024993E+1	1.049025E+0
5.820000	2.078944E+1	1.104287E+0
5.825000	2.059028E+1	1.144478E+0
5.830000	2.467322E+1	1.184668E+0
5.835000	3.174369E+1	1.239930E+0
5.840000	2.935367E+1	1.280120E+0
5.845000	2.457364E+1	1.327846E+0
5.850000	2.666490E+1	1.370548E+0
5.855000	2.785991E+1	1.420786E+0
5.860000	4.210043E+1	1.471024E+0
5.865000	3.990958E+1	1.516238E+0
5.870000	3.761915E+1	1.563964E+0
5.875000	3.732040E+1	1.606667E+0
5.880000	3.831624E+1	1.656905E+0
5.885000	4.528712E+1	1.694583E+0
5.890000	5.106299E+1	1.749845E+0
5.895000	5.345301E+1	1.787523E+0
5.900000	5.405052E+1	1.840273E+0
5.905000	5.225800E+1	1.880464E+0
5.910000	5.743637E+1	1.938237E+0
5.915000	5.654012E+1	1.985963E+0
5.920000	6.480559E+1	2.033689E+0
5.925000	6.580143E+1	2.083927E+0
5.930000	6.480559E+1	2.119094E+0
5.935000	6.888854E+1	2.126630E+0
5.940000	5.893013E+1	2.091463E+0
5.945000	6.102140E+1	2.041225E+0
5.950000	6.151932E+1	2.006058E+0
5.955000	5.375176E+1	1.963356E+0
5.960000	5.594261E+1	1.923166E+0
5.965000	5.235759E+1	1.887999E+0
5.970000	6.122057E+1	1.835249E+0
5.975000	5.494677E+1	1.805107E+0
5.980000	5.176008E+1	1.757381E+0
5.985000	5.026632E+1	1.719702E+0
5.990000	4.478920E+1	1.682024E+0
5.995000	4.777672E+1	1.641833E+0
6.000000	4.538670E+1	1.606667E+0
6.005000	4.160251E+1	1.556429E+0
6.010000	3.971041E+1	1.531310E+0
6.015000	3.612539E+1	1.483584E+0
6.020000	3.672289E+1	1.438370E+0
6.025000	3.512955E+1	1.403203E+0
6.030000	3.562747E+1	1.355477E+0
6.035000	3.283911E+1	1.330358E+0
6.040000	2.935367E+1	1.285144E+0
6.045000	3.303828E+1	1.244953E+0
6.050000	2.955284E+1	1.212299E+0
6.055000	2.457364E+1	1.164573E+0
6.060000	2.636615E+1	1.134430E+0
6.065000	2.288071E+1	1.081680E+0
6.070000	2.407572E+1	1.054049E+0
6.075000	2.477281E+1	1.008835E+0
6.080000	2.407572E+1	9.686448E-1
6.085000	2.327904E+1	9.359901E-1
6.090000	2.317946E+1	8.832402E-1
6.095000	2.108820E+1	8.556094E-1
6.100000	2.178528E+1	8.078833E-1
6.105000	2.029152E+1	7.727168E-1
6.110000	2.228320E+1	7.425740E-1
6.115000	2.317946E+1	6.898241E-1
6.120000	2.118778E+1	6.546576E-1
6.125000	2.059028E+1	6.144672E-1
6.130000	2.387655E+1	5.692531E-1
6.135000	2.268154E+1	5.416222E-1
6.140000	2.497197E+1	4.989199E-1
6.145000	2.467322E+1	4.587296E-1
6.150000	2.825825E+1	4.310987E-1
6.155000	3.034951E+1	3.808607E-1
6.160000	2.875617E+1	3.456942E-1
6.165000	3.024993E+1	3.105276E-1
6.170000	3.204244E+1	2.728492E-1
6.175000	3.303828E+1	2.251231E-1
6.180000	3.144494E+1	1.874446E-1
6.185000	3.015034E+1	1.522781E-1
6.190000	3.941166E+1	1.045520E-1
6.195000	3.741998E+1	7.440925E-2
6.200000	3.602580E+1	3.673079E-2
6.205000	4.110459E+1	-8.483368E-3
6.210000	4.339502E+1	-5.118563E-2
6.215000	4.658171E+1	-7.881650E-2
6.220000	4.269793E+1	-1.240307E-1
6.225000	5.444885E+1	-1.692448E-1
6.230000	6.072265E+1	-1.968757E-1
6.235000	5.195925E+1	-2.420898E-1
6.240000	5.076424E+1	-2.898159E-1
6.245000	5.146133E+1	-3.174468E-1
6.250000	6.102140E+1	-3.526133E-1
6.255000	6.739478E+1	-4.028513E-1
6.260000	6.490518E+1	-4.355059E-1
6.265000	6.500476E+1	-4.756963E-1
6.270000	6.361058E+1	-5.183986E-1
6.275000	6.430767E+1	-5.435175E-1
6.280000	6.669769E+1	-5.937555E-1
6.285000	6.928687E+1	-6.314339E-1
6.290000	7.346940E+1	-6.640886E-1
6.295000	7.018313E+1	-7.067909E-1
6.300000	7.277232E+1	-7.520050E-1
6.305000	7.914569E+1	-7.796359E-1
6.310000	7.944445E+1	-8.223382E-1
6.315000	8.263114E+1	-8.675523E-1
6.320000	7.894653E+1	-9.002070E-1
6.325000	7.954403E+1	-9.328616E-1
6.330000	8.223280E+1	-9.830996E-1
6.335000	8.063946E+1	-1.018266E+0
6.340000	8.233238E+1	-1.050921E+0
6.345000	8.123696E+1	-1.098647E+0
6.350000	8.432407E+1	-1.133813E+0
6.355000	8.472240E+1	-1.171492E+0
6.360000	8.412490E+1	-1.214194E+0
6.365000	8.442365E+1	-1.241825E+0
6.370000	8.332822E+1	-1.289551E+0
6.375000	8.103779E+1	-1.314670E+0
6.380000	7.844861E+1	-1.359884E+0
6.385000	7.994237E+1	-1.400075E+0
6.390000	8.263114E+1	-1.432729E+0
6.395000	7.914569E+1	-1.482967E+0
6.400000	6.420809E+1	-1.510598E+0
6.405000	7.088022E+1	-1.550788E+0
6.410000	8.302947E+1	-1.590979E+0
6.415000	8.004195E+1	-1.623633E+0
6.420000	7.884694E+1	-1.668848E+0
6.425000	5.454844E+1	-1.704014E+0
6.430000	5.733679E+1	-1.741693E+0
6.435000	7.247356E+1	-1.781883E+0
6.440000	6.430767E+1	-1.814538E+0
6.445000	5.395093E+1	-1.867288E+0
6.450000	6.739478E+1	-1.894918E+0
6.455000	7.725360E+1	-1.930085E+0
6.460000	7.984278E+1	-1.980323E+0
6.465000	5.195925E+1	-2.010466E+0
6.470000	2.248237E+1	-2.040608E+0
6.475000	3.234119E+1	-2.090846E+0
6.480000	7.685526E+1	-2.123501E+0
6.485000	7.884694E+1	-2.156156E+0
6.490000	6.361058E+1	-2.203882E+0
6.495000	2.766074E+1	-2.231513E+0
6.500000	1.879776E+1	-2.276727E+0
6.505000	3.861499E+1	-2.314405E+0
6.510000	5.932847E+1	-2.352084E+0
6.515000	5.405052E+1	-2.392274E+0
6.520000	3.134535E+1	-2.419905E+0
6.525000	2.706324E+1	-2.462607E+0
6.530000	3.214203E+1	-2.507821E+0
6.535000	4.000916E+1	-2.532940E+0
6.540000	4.528712E+1	-2.583178E+0
6.545000	2.327904E+1	-2.615833E+0
6.550000	2.108820E+1	-2.653511E+0
6.555000	2.268154E+1	-2.638440E+0
6.560000	3.672289E+1	-2.590714E+0
6.565000	4.658171E+1	-2.560571E+0
6.570000	3.741998E+1	-2.505309E+0
6.575000	2.795950E+1	-2.462607E+0
6.580000	2.278112E+1	-2.424929E+0
6.585000	2.477281E+1	-2.367155E+0
6.590000	4.847381E+1	-2.334500E+0
6.595000	4.927048E+1	-2.279239E+0
6.600000	4.299669E+1	-2.246584E+0
6.605000	4.508795E+1	-2.193834E+0
6.610000	4.030792E+1	-2.148620E+0
6.615000	4.877256E+1	-2.105918E+0
6.620000	5.574344E+1	-2.058192E+0
6.625000	4.917090E+1	-2.020513E+0
6.630000	5.365218E+1	-1.965252E+0
6.635000	4.688046E+1	-1.925061E+0
6.640000	5.225800E+1	-1.882359E+0
6.645000	5.932847E+1	-1.829609E+0
6.650000	6.749436E+1	-1.794442E+0
6.655000	7.058147E+1	-1.739181E+0
6.660000	6.112098E+1	-1.698990E+0
6.665000	6.679727E+1	-1.653776E+0
6.670000	6.789270E+1	-1.608562E+0
6.675000	7.207523E+1	-1.563348E+0
6.680000	7.805027E+1	-1.528181E+0
6.685000	7.615817E+1	-1.467896E+0
6.690000	7.745277E+1	-1.430217E+0
6.695000	7.635734E+1	-1.385003E+0
6.700000	7.496316E+1	-1.332253E+0
6.705000	7.964362E+1	-1.294575E+0
6.710000	8.253155E+1	-1.249361E+0
6.715000	8.063946E+1	-1.196611E+0
6.720000	8.243197E+1	-1.161444E+0
6.725000	8.053987E+1	-1.106183E+0
6.730000	8.213322E+1	-1.073528E+0
6.735000	8.302947E+1	-1.020778E+0
6.740000	8.412490E+1	-9.755639E-1
6.745000	8.193405E+1	-9.403973E-1
6.750000	8.681367E+1	-8.851356E-1
6.755000	8.004195E+1	-8.399214E-1
6.760000	8.083862E+1	-7.997311E-1
6.765000	7.894653E+1	-7.494931E-1
6.770000	8.053987E+1	-6.942314E-1
6.775000	8.143613E+1	-6.615767E-1
6.780000	7.336982E+1	-6.138507E-1
6.785000	7.755235E+1	-5.711484E-1
6.790000	7.615817E+1	-5.284462E-1
6.795000	7.844861E+1	-4.782082E-1
6.800000	7.476400E+1	-4.304821E-1
6.805000	6.829103E+1	-3.928037E-1
6.810000	7.217481E+1	-3.325181E-1
6.815000	6.689686E+1	-2.973516E-1
6.820000	6.619977E+1	-2.471136E-1
6.825000	6.102140E+1	-1.993876E-1
6.830000	5.295509E+1	-1.566853E-1
6.835000	5.773512E+1	-1.139831E-1
6.840000	5.604220E+1	-6.876891E-2
6.845000	5.693845E+1	-1.350716E-2
6.850000	5.335343E+1	1.914750E-2
6.855000	4.299669E+1	7.692115E-2
6.860000	4.578504E+1	1.171115E-1
6.865000	4.369377E+1	1.598138E-1
6.870000	4.927048E+1	2.175874E-1
6.875000	4.080584E+1	2.577778E-1
6.880000	3.094702E+1	3.029919E-1
6.885000	3.741998E+1	3.557418E-1
6.890000	3.981000E+1	3.883964E-1
6.895000	3.512955E+1	4.386344E-1
6.900000	3.214203E+1	4.863604E-1
6.905000	2.626657E+1	5.240389E-1
6.910000	3.224161E+1	5.818125E-1
6.915000	2.298029E+1	6.169791E-1
6.920000	2.248237E+1	6.722409E-1
6.925000	3.084743E+1	7.149431E-1
6.930000	2.487239E+1	7.601573E-1
6.935000	2.646573E+1	8.129071E-1
6.940000	2.118778E+1	8.455618E-1
6.945000	2.088903E+1	8.983116E-1
6.950000	2.367738E+1	9.435258E-1
6.955000	2.059028E+1	9.837161E-1
6.960000	2.009236E+1	1.041490E+0
6.965000	2.138695E+1	1.084192E+0
6.970000	2.307988E+1	1.126894E+0
6.975000	2.228320E+1	1.182156E+0
6.980000	2.467322E+1	1.222346E+0
6.985000	2.467322E+1	1.270072E+0
6.990000	3.074785E+1	1.320310E+0
6.995000	2.387655E+1	1.352965E+0
7.000000	2.118778E+1	1.403203E+0
7.005000	3.463163E+1	1.453441E+0
7.010000	2.756116E+1	1.493631E+0
7.015000	3.463163E+1	1.551405E+0
7.020000	3.273953E+1	1.591595E+0
7.025000	3.443246E+1	1.636809E+0
7.030000	4.000916E+1	1.692071E+0
7.035000	3.154452E+1	1.727238E+0
7.040000	4.767714E+1	1.779988E+0
7.045000	4.468961E+1	1.832738E+0
7.050000	4.030792E+1	1.867904E+0
7.055000	5.823305E+1	1.918142E+0
7.060000	5.106299E+1	1.965868E+0
7.065000	5.156091E+1	2.011082E+0
7.070000	5.574344E+1	2.063832E+0
7.075000	5.594261E+1	2.101511E+0
7.080000	6.759395E+1	2.141701E+0
7.085000	4.807547E+1	2.106534E+0
7.090000	5.902972E+1	2.056296E+0
7.095000	5.604220E+1	2.013594E+0
7.100000	4.817506E+1	1.978428E+0
7.105000	5.315426E+1	1.938237E+0
7.110000	4.578504E+1	1.893023E+0
7.115000	4.618338E+1	1.857856E+0
7.120000	4.747797E+1	1.817666E+0
7.125000	3.871457E+1	1.769940E+0
7.130000	4.877256E+1	1.737285E+0
7.135000	3.861499E+1	1.694583E+0
7.140000	4.090542E+1	1.644345E+0
7.145000	4.170209E+1	1.614202E+0
7.150000	3.174369E+1	1.576524E+0
7.155000	3.283911E+1	1.528798E+0
7.160000	3.353620E+1	1.496143E+0
7.165000	3.423329E+1	1.463489E+0
7.170000	2.885575E+1	1.415763E+0
7.175000	2.676449E+1	1.373060E+0
7.180000	3.343662E+1	1.345429E+0
7.185000	2.437447E+1	1.295191E+0
7.190000	2.487239E+1	1.249977E+0
7.195000	2.367738E+1	1.222346E+0
7.200000	2.148653E+1	1.179644E+0
7.205000	2.865658E+1	1.134430E+0
7.210000	2.865658E+1	1.104287E+0
7.215000	2.347821E+1	1.056561E+0
7.220000	2.118778E+1	1.023907E+0
7.225000	2.198445E+1	9.912518E-1
7.230000	2.218362E+1	9.359901E-1
7.235000	2.218362E+1	9.033354E-1
7.240000	2.158612E+1	8.656570E-1
7.245000	2.118778E+1	8.204428E-1
7.250000	2.736199E+1	7.827643E-1
7.255000	2.188487E+1	7.526216E-1
7.260000	2.258196E+1	7.099193E-1
7.265000	2.198445E+1	6.697290E-1
7.270000	2.347821E+1	6.320505E-1
7.275000	2.935367E+1	5.893482E-1
7.280000	2.317946E+1	5.466460E-1
7.285000	3.313787E+1	5.114794E-1
7.290000	2.815866E+1	4.788247E-1
7.295000	2.955284E+1	4.336106E-1
7.300000	3.562747E+1	3.858845E-1
7.305000	2.616698E+1	3.557418E-1
7.310000	4.379336E+1	3.230871E-1
7.315000	3.074785E+1	2.753611E-1
7.320000	3.064826E+1	2.351707E-1
7.325000	4.488878E+1	2.000041E-1
7.330000	3.234119E+1	1.673495E-1
7.335000	4.747797E+1	1.171115E-1
7.340000	4.170209E+1	8.194494E-2
7.345000	4.299669E+1	4.929027E-2
7.350000	5.833263E+1	-9.476753E-4
7.355000	4.349461E+1	-3.360234E-2
7.360000	5.733679E+1	-7.379270E-2
7.365000	4.927048E+1	-1.190069E-1
7.370000	5.395093E+1	-1.516615E-1
7.375000	6.460642E+1	-1.893400E-1
7.380000	5.185967E+1	-2.245066E-1
7.385000	6.251516E+1	-2.722326E-1
7.390000	5.713762E+1	-3.048873E-1
7.395000	6.390934E+1	-3.375419E-1
7.400000	6.968521E+1	-3.928037E-1
7.405000	6.480559E+1	-4.254584E-1
7.410000	7.416649E+1	-4.581130E-1
7.415000	6.779311E+1	-5.083510E-1
7.420000	6.829103E+1	-5.384937E-1
7.425000	7.615817E+1	-5.761722E-1
7.430000	7.536150E+1	-6.213864E-1
7.435000	8.283030E+1	-6.540410E-1
7.440000	7.536150E+1	-6.917195E-1
7.445000	8.083862E+1	-7.369336E-1
7.450000	7.874736E+1	-7.695883E-1
7.455000	7.665609E+1	-8.122906E-1
7.460000	8.093821E+1	-8.499690E-1
7.465000	7.705443E+1	-8.826237E-1
7.470000	8.472240E+1	-9.278379E-1
7.475000	8.382615E+1	-9.655163E-1
7.480000	8.233238E+1	-1.000683E+0
7.485000	7.974320E+1	-1.045897E+0
7.490000	8.213322E+1	-1.078552E+0
7.495000	8.113738E+1	-1.118742E+0
7.500000	8.292989E+1	-1.158932E+0
7.505000	8.352739E+1	-1.191587E+0
7.510000	8.203363E+1	-1.241825E+0
7.515000	8.332822E+1	-1.269456E+0
7.520000	8.203363E+1	-1.309646E+0
7.525000	7.745277E+1	-1.349837E+0
7.530000	7.984278E+1	-1.379979E+0
7.535000	7.237398E+1	-1.430217E+0
7.540000	7.695485E+1	-1.457848E+0
7.545000	7.456483E+1	-1.508086E+0
7.550000	7.018313E+1	-1.535717E+0
7.555000	7.436566E+1	-1.578419E+0
7.560000	6.490518E+1	-1.623633E+0
7.565000	6.988438E+1	-1.658800E+0
7.570000	7.167689E+1	-1.688943E+0
7.575000	6.619977E+1	-1.739181E+0
7.580000	7.446524E+1	-1.769324E+0
7.585000	6.440726E+1	-1.799466E+0
7.590000	7.157731E+1	-1.842169E+0
7.595000	6.132015E+1	-1.889895E+0
7.600000	5.424968E+1	-1.917525E+0
7.605000	5.484719E+1	-1.960228E+0
7.610000	4.628296E+1	-2.000418E+0
7.615000	4.976840E+1	-2.038097E+0
7.620000	4.917090E+1	-2.075775E+0
7.625000	4.508795E+1	-2.115965E+0
7.630000	5.106299E+1	-2.151132E+0
7.635000	4.130376E+1	-2.183787E+0
7.640000	4.508795E+1	-2.231513E+0
7.645000	4.767714E+1	-2.264167E+0
7.650000	3.911291E+1	-2.296822E+0
7.655000	4.110459E+1	-2.334500E+0
7.660000	3.831624E+1	-2.382227E+0
7.665000	4.269793E+1	-2.414881E+0
7.670000	3.502996E+1	-2.447536E+0
7.675000	2.746157E+1	-2.490238E+0
7.680000	2.845742E+1	-2.532940E+0
7.685000	2.337863E+1	-2.560571E+0
7.690000	2.556948E+1	-2.603273E+0
7.695000	2.606740E+1	-2.640952E+0
7.700000	2.158612E+1	-2.653511E+0
7.705000	2.875617E+1	-2.613321E+0
7.710000	2.646573E+1	-2.573131E+0
7.715000	3.254036E+1	-2.515357E+0
7.720000	3.493038E+1	-2.475167E+0
7.725000	3.244078E+1	-2.432464E+0
7.730000	3.582663E+1	-2.382227E+0
7.735000	3.473121E+1	-2.347060E+0
7.740000	3.821665E+1	-2.299334E+0
7.745000	3.851540E+1	-2.249096E+0
7.750000	3.931208E+1	-2.211417E+0
7.755000	4.688046E+1	-2.166203E+0
7.760000	4.160251E+1	-2.115965E+0
7.765000	4.956923E+1	-2.075775E+0
7.770000	5.176008E+1	-2.030561E+0
7.775000	5.375176E+1	-1.977811E+0
7.780000	5.693845E+1	-1.940133E+0
7.785000	5.654012E+1	-1.892406E+0
7.790000	6.480559E+1	-1.844680E+0
7.795000	6.380975E+1	-1.804490E+0
7.800000	6.122057E+1	-1.769324E+0
7.805000	6.371017E+1	-1.716574E+0
7.810000	5.932847E+1	-1.663824E+0
7.815000	6.460642E+1	-1.626145E+0
7.820000	6.341142E+1	-1.580931E+0
7.825000	7.048188E+1	-1.528181E+0
7.830000	7.436566E+1	-1.487991E+0
7.835000	7.396732E+1	-1.447801E+0
7.840000	8.083862E+1	-1.395051E+0
7.845000	7.775152E+1	-1.354860E+0
7.850000	8.253155E+1	-1.307134E+0
7.855000	7.994237E+1	-1.261920E+0
7.860000	8.004195E+1	-1.219218E+0
7.865000	8.372656E+1	-1.174004E+0
7.870000	8.372656E+1	-1.121254E+0
7.875000	8.083862E+1	-1.088599E+0
7.880000	8.203363E+1	-1.035849E+0
7.885000	8.362698E+1	-9.906353E-1
7.890000	8.203363E+1	-9.529568E-1
7.895000	8.053987E+1	-8.951832E-1
7.900000	8.053987E+1	-8.575047E-1
7.905000	7.805027E+1	-8.122906E-1
7.910000	8.223280E+1	-7.620526E-1
7.915000	8.034070E+1	-7.268861E-1
7.920000	6.918729E+1	-6.741362E-1
7.925000	8.173488E+1	-6.289221E-1
7.930000	6.769353E+1	-5.862198E-1
7.935000	8.103779E+1	-5.309580E-1
7.940000	6.918729E+1	-4.857439E-1
7.945000	6.580143E+1	-4.455535E-1
7.950000	7.974320E+1	-3.953156E-1
7.955000	6.420809E+1	-3.626609E-1
7.960000	7.396732E+1	-3.073992E-1
7.965000	6.699644E+1	-2.646969E-1
7.970000	6.092181E+1	-2.219947E-1
7.975000	5.823305E+1	-1.742686E-1
7.980000	5.225800E+1	-1.315663E-1
7.985000	6.201724E+1	-8.132840E-2
7.990000	5.893013E+1	-3.109045E-2
7.995000	4.797589E+1	9.099915E-3
8.000000	5.534511E+1	6.436166E-2
8.005000	4.588462E+1	9.701633E-2
8.010000	4.220001E+1	1.472543E-1
8.015000	5.245717E+1	1.924684E-1
8.020000	3.333703E+1	2.301469E-1
8.025000	4.658171E+1	2.904324E-1
8.030000	3.263995E+1	3.255990E-1
8.035000	3.512955E+1	3.808607E-1
8.040000	4.140334E+1	4.285868E-1
8.045000	2.238279E+1	4.712891E-1
8.050000	4.309627E+1	5.114794E-1
8.055000	2.307988E+1	5.667412E-1
8.060000	2.636615E+1	6.069315E-1
8.065000	2.855700E+1	6.521457E-1
8.070000	2.258196E+1	6.973598E-1
8.075000	3.214203E+1	7.425740E-1
8.080000	2.168570E+1	7.903000E-1
8.085000	2.437447E+1	8.330023E-1
8.090000	2.387655E+1	8.907759E-1
8.095000	2.078944E+1	9.234306E-1
8.100000	2.178528E+1	9.761805E-1
8.105000	2.168570E+1	1.026418E+0
8.110000	2.268154E+1	1.066609E+0
8.115000	2.148653E+1	1.106799E+0
8.120000	2.168570E+1	1.162061E+0
8.125000	2.407572E+1	1.207275E+0
8.130000	2.517114E+1	1.244953E+0
8.135000	2.576865E+1	1.305239E+0
8.140000	2.935367E+1	1.342917E+0
8.145000	2.377697E+1	1.385620E+0
8.150000	3.741998E+1	1.443393E+0
8.155000	2.288071E+1	1.483584E+0
8.160000	2.606740E+1	1.523774E+0
8.165000	5.066466E+1	1.576524E+0
8.170000	2.517114E+1	1.621738E+0
8.175000	4.558587E+1	1.661928E+0
8.180000	3.522913E+1	1.722214E+0
8.185000	3.632455E+1	1.762404E+0
8.190000	7.078063E+1	1.805107E+0
8.195000	2.337863E+1	1.865392E+0
8.200000	6.012514E+1	1.908094E+0
8.205000	6.211682E+1	1.953309E+0
8.210000	3.234119E+1	2.006058E+0
8.215000	7.695485E+1	2.038713E+0
8.220000	3.921249E+1	2.098999E+0
8.225000	5.922889E+1	2.136677E+0
8.230000	6.928687E+1	2.114070E+0
8.235000	4.080584E+1	2.078903E+0
8.240000	6.849020E+1	2.036201E+0
8.245000	4.040750E+1	1.990987E+0
8.250000	6.440726E+1	1.953309E+0
8.255000	4.907131E+1	1.908094E+0
8.260000	3.831624E+1	1.867904E+0
8.265000	6.829103E+1	1.835249E+0
8.270000	2.716282E+1	1.782500E+0
8.275000	6.082223E+1	1.749845E+0
8.280000	4.379336E+1	1.714678E+0
8.285000	2.208404E+1	1.661928E+0
8.290000	7.167689E+1	1.629274E+0
8.295000	2.377697E+1	1.586572E+0
8.300000	3.572705E+1	1.541357E+0
8.305000	6.231599E+1	1.516238E+0
8.310000	2.218362E+1	1.466000E+0
8.315000	4.737838E+1	1.425810E+0
8.320000	2.636615E+1	1.395667E+0
8.325000	2.576865E+1	1.345429E+0
8.330000	3.901332E+1	1.312775E+0
8.335000	2.158612E+1	1.277608E+0
8.340000	3.124577E+1	1.227370E+0
8.345000	2.178528E+1	1.197227E+0
8.350000	2.437447E+1	1.154525E+0
8.355000	2.666490E+1	1.114335E+0
8.360000	2.128736E+1	1.074144E+0
8.365000	2.556948E+1	1.026418E+0
8.370000	2.387655E+1	9.937637E-1
8.375000	2.188487E+1	9.535734E-1
8.380000	2.049069E+1	9.158949E-1
8.385000	2.387655E+1	8.832402E-1
8.390000	2.606740E+1	8.330023E-1
8.395000	2.696365E+1	8.003476E-1
8.400000	2.168570E+1	7.601573E-1
8.405000	2.268154E+1	7.174550E-1
8.410000	3.572705E+1	6.923360E-1
8.415000	2.059028E+1	6.395862E-1
8.420000	3.323745E+1	6.019077E-1
8.425000	2.477281E+1	5.692531E-1
8.430000	2.656532E+1	5.265508E-1
8.435000	4.299669E+1	4.813366E-1
8.440000	2.118778E+1	4.511939E-1
8.445000	4.857339E+1	4.084916E-1
8.450000	2.636615E+1	3.607656E-1
8.455000	2.676449E+1	3.281109E-1
8.460000	4.976840E+1	2.954562E-1
8.465000	2.088903E+1	2.502421E-1
8.470000	5.743637E+1	2.050279E-1
8.475000	3.164410E+1	1.673495E-1
8.480000	3.602580E+1	1.372067E-1
8.485000	5.215842E+1	1.020401E-1
8.490000	2.915450E+1	5.933786E-2
8.495000	6.819145E+1	1.412371E-2
8.500000	4.070625E+1	-2.104286E-2
8.505000	4.628296E+1	-6.123322E-2
8.510000	6.888854E+1	-9.388788E-2
8.515000	3.712123E+1	-1.416139E-1
8.520000	7.167689E+1	-1.792924E-1
8.525000	5.663970E+1	-2.169709E-1
8.530000	5.066466E+1	-2.521374E-1
8.535000	7.506275E+1	-2.948397E-1
8.540000	3.632455E+1	-3.375419E-1
8.545000	7.964362E+1	-3.701966E-1
8.550000	6.291350E+1	-4.053632E-1
8.555000	6.420809E+1	-4.530892E-1
8.560000	7.924528E+1	-4.882558E-1
8.565000	5.863138E+1	-5.259343E-1
8.570000	8.332822E+1	-5.686365E-1
8.575000	7.655651E+1	-6.113388E-1
8.580000	7.317065E+1	-6.465053E-1
8.585000	8.253155E+1	-6.766481E-1
8.590000	6.709603E+1	-7.268861E-1
8.595000	8.412490E+1	-7.570288E-1
8.600000	7.964362E+1	-7.972192E-1
8.605000	7.476400E+1	-8.399214E-1
8.610000	8.531991E+1	-8.750880E-1
8.615000	7.356899E+1	-9.077427E-1
8.620000	7.994237E+1	-9.529568E-1
8.625000	8.302947E+1	-9.956591E-1
8.630000	8.223280E+1	-1.028314E+0
8.635000	8.024112E+1	-1.063480E+0
8.640000	7.894653E+1	-1.103671E+0
8.645000	8.133654E+1	-1.146373E+0
8.650000	8.512074E+1	-1.176516E+0
8.655000	8.173488E+1	-1.219218E+0
8.660000	7.107939E+1	-1.264432E+0
8.665000	8.233238E+1	-1.297087E+0
8.670000	7.346940E+1	-1.334765E+0
8.675000	7.944445E+1	-1.372444E+0
8.680000	7.854819E+1	-1.412634E+0
8.685000	7.327024E+1	-1.457848E+0
8.690000	8.113738E+1	-1.485479E+0
8.695000	6.301308E+1	-1.530693E+0
8.700000	7.048188E+1	-1.558324E+0
8.705000	7.715401E+1	-1.611074E+0
8.710000	6.072265E+1	-1.633681E+0
8.715000	7.575984E+1	-1.678895E+0
8.720000	6.311266E+1	-1.719086E+0
8.725000	6.629935E+1	-1.756764E+0
8.730000	7.496316E+1	-1.801978E+0
8.735000	4.737838E+1	-1.834633E+0
8.740000	7.615817E+1	-1.864776E+0
8.745000	4.827464E+1	-1.915014E+0
8.750000	5.673928E+1	-1.945156E+0
8.755000	5.703804E+1	-1.982835E+0
8.760000	4.668130E+1	-2.025537E+0
8.765000	5.942805E+1	-2.058192E+0
8.770000	4.419169E+1	-2.090846E+0
8.775000	4.000916E+1	-2.143596E+0
8.780000	5.245717E+1	-2.176251E+0
8.785000	3.751956E+1	-2.211417E+0
8.790000	4.180168E+1	-2.256632E+0
8.795000	4.150293E+1	-2.289286E+0
8.800000	2.706324E+1	-2.321941E+0
8.805000	4.986799E+1	-2.367155E+0
8.810000	2.955284E+1	-2.399810E+0
8.815000	3.901332E+1	-2.432464E+0
8.820000	3.194286E+1	-2.480191E+0
8.825000	2.566906E+1	-2.512845E+0
8.830000	3.353620E+1	-2.545500E+0
8.835000	2.616698E+1	-2.590714E+0
8.840000	2.307988E+1	-2.633416E+0
8.845000	2.736199E+1	-2.668583E+0
8.850000	2.437447E+1	-2.625881E+0
8.855000	3.512955E+1	-2.588202E+0
8.860000	2.566906E+1	-2.537964E+0
8.865000	2.626657E+1	-2.492750E+0
8.870000	4.140334E+1	-2.455072E+0
8.875000	2.726241E+1	-2.404834E+0
8.880000	4.170209E+1	-2.357108E+0
8.885000	3.672289E+1	-2.319429E+0
8.890000	3.512955E+1	-2.266679E+0
8.895000	4.359419E+1	-2.221465E+0
8.900000	3.512955E+1	-2.183787E+0
8.905000	3.901332E+1	-2.133549E+0
8.910000	4.827464E+1	-2.088335E+0
8.915000	4.678088E+1	-2.053168E+0
8.920000	5.823305E+1	-2.000418E+0
8.925000	4.399253E+1	-1.952692E+0
8.930000	5.743637E+1	-1.909990E+0
8.935000	6.580143E+1	-1.867288E+0
8.940000	5.893013E+1	-1.822073E+0
8.945000	6.858979E+1	-1.776859E+0
8.950000	6.022473E+1	-1.731645E+0
8.955000	6.580143E+1	-1.691455E+0
8.960000	6.490518E+1	-1.636193E+0
8.965000	6.530351E+1	-1.593491E+0
8.970000	7.336982E+1	-1.550788E+0
8.975000	6.809187E+1	-1.508086E+0
8.980000	7.376816E+1	-1.467896E+0
8.985000	7.615817E+1	-1.412634E+0
8.990000	7.566025E+1	-1.369932E+0
8.995000	8.093821E+1	-1.327230E+0
9.000000	7.486358E+1	-1.271968E+0
9.005000	8.143613E+1	-1.239313E+0
9.010000	8.283030E+1	-1.186563E+0
9.015000	7.914569E+1	-1.148885E+0
9.020000	8.123696E+1	-1.098647E+0
9.025000	8.024112E+1	-1.055945E+0
9.030000	8.243197E+1	-1.008219E+0
9.035000	8.292989E+1	-9.554687E-1
9.040000	8.093821E+1	-9.253260E-1
9.045000	8.332822E+1	-8.700642E-1
9.050000	8.203363E+1	-8.273620E-1
9.055000	7.984278E+1	-7.771240E-1
9.060000	7.954403E+1	-7.344217E-1
9.065000	8.243197E+1	-6.892076E-1
9.070000	7.078063E+1	-6.439934E-1
9.075000	7.805027E+1	-5.987793E-1
9.080000	7.028271E+1	-5.485413E-1
9.085000	7.117897E+1	-5.133748E-1
9.090000	7.814985E+1	-4.556011E-1
9.095000	6.530351E+1	-4.229465E-1
9.100000	7.566025E+1	-3.651728E-1
9.105000	7.078063E+1	-3.224706E-1
9.110000	6.629935E+1	-2.772564E-1
9.115000	6.610018E+1	-2.370660E-1
9.120000	5.912930E+1	-1.818043E-1
9.125000	6.480559E+1	-1.416139E-1
9.130000	6.161890E+1	-9.137599E-2
9.135000	5.484719E+1	-5.620942E-2
9.140000	5.385135E+1	-9.476753E-4
9.145000	4.369377E+1	3.421889E-2
9.150000	5.424968E+1	8.696874E-2
9.155000	4.578504E+1	1.346948E-1
9.160000	3.881416E+1	1.799089E-1
9.165000	4.419169E+1	2.326588E-1
9.170000	3.891374E+1	2.703373E-1
9.175000	4.359419E+1	3.205752E-1
9.180000	3.522913E+1	3.557418E-1
9.185000	3.473121E+1	4.110035E-1
9.190000	3.433287E+1	4.511939E-1
9.195000	3.114618E+1	4.989199E-1
9.200000	3.114618E+1	5.441341E-1
9.205000	2.785991E+1	5.918601E-1
9.210000	2.556948E+1	6.395862E-1
9.215000	2.377697E+1	6.848003E-1
9.220000	2.228320E+1	7.300145E-1
9.225000	2.517114E+1	7.752287E-1
9.230000	2.278112E+1	8.279785E-1
9.235000	2.218362E+1	8.606332E-1
9.240000	2.088903E+1	9.158949E-1
9.245000	2.118778E+1	9.535734E-1
9.250000	2.158612E+1	1.006323E+0
9.255000	2.039111E+1	1.054049E+0
9.260000	1.999277E+1	1.101775E+0
9.265000	2.268154E+1	1.144478E+0
9.270000	2.198445E+1	1.194716E+0
9.275000	2.178528E+1	1.234906E+0
9.280000	2.347821E+1	1.280120E+0
9.285000	2.726241E+1	1.330358E+0
9.290000	2.646573E+1	1.373060E+0
9.295000	2.566906E+1	1.425810E+0
9.300000	2.756116E+1	1.460977E+0
9.305000	2.975201E+1	1.513727E+0
9.310000	3.512955E+1	1.563964E+0
9.315000	3.313787E+1	1.601643E+0
9.320000	3.562747E+1	1.661928E+0
9.325000	4.100501E+1	1.694583E+0
9.330000	3.841582E+1	1.754869E+0
9.335000	4.299669E+1	1.787523E+0
9.340000	4.050708E+1	1.847809E+0
9.345000	4.777672E+1	1.877952E+0
9.350000	4.797589E+1	1.940749E+0
9.355000	4.996757E+1	1.978428E+0
9.360000	5.434927E+1	2.028666E+0
9.365000	5.863138E+1	2.076392E+0
9.370000	6.062306E+1	2.119094E+0
9.375000	6.221641E+1	2.129141E+0
9.380000	5.783471E+1	2.083927E+0
9.385000	5.962722E+1	2.046249E+0
9.390000	5.494677E+1	2.011082E+0
9.395000	5.056507E+1	1.958332E+0
9.400000	4.897173E+1	1.923166E+0
9.405000	4.827464E+1	1.893023E+0
9.410000	4.578504E+1	1.835249E+0
9.415000	4.160251E+1	1.805107E+0
9.420000	3.990958E+1	1.759892E+0
9.425000	4.170209E+1	1.714678E+0
9.430000	3.811707E+1	1.677000E+0
9.435000	4.020833E+1	1.639321E+0
9.440000	3.672289E+1	1.596619E+0
9.445000	3.891374E+1	1.568988E+0
9.450000	3.791790E+1	1.516238E+0
9.455000	3.502996E+1	1.488608E+0
9.460000	3.184327E+1	1.443393E+0
9.465000	2.915450E+1	1.395667E+0
9.470000	2.835783E+1	1.363013E+0
9.475000	2.756116E+1	1.322822E+0
9.480000	2.397613E+1	1.275096E+0
9.485000	2.327904E+1	1.247465E+0
9.490000	2.467322E+1	1.207275E+0
9.495000	2.238279E+1	1.162061E+0
9.500000	2.098861E+1	1.131918E+0
9.505000	2.397613E+1	1.089216E+0
9.510000	2.228320E+1	1.038978E+0
9.515000	2.108820E+1	1.013859E+0
9.520000	1.979360E+1	9.711567E-1
9.525000	2.118778E+1	9.209187E-1
9.530000	2.198445E+1	8.983116E-1
9.535000	2.029152E+1	8.505856E-1
9.540000	2.228320E+1	8.028595E-1
9.545000	2.178528E+1	7.727168E-1
9.550000	2.198445E+1	7.400621E-1
9.555000	2.397613E+1	6.948479E-1
9.560000	2.317946E+1	6.496338E-1
9.565000	2.477281E+1	6.144672E-1
9.570000	2.666490E+1	5.793006E-1
9.575000	2.596781E+1	5.315746E-1
9.580000	2.646573E+1	5.014318E-1
9.585000	2.975201E+1	4.587296E-1
9.590000	3.254036E+1	4.135154E-1
9.595000	3.144494E+1	3.808607E-1
9.600000	3.144494E+1	3.456942E-1
9.605000	3.313787E+1	3.004800E-1
9.610000	4.000916E+1	2.653135E-1
9.615000	4.050708E+1	2.276350E-1
9.620000	4.210043E+1	1.799089E-1
9.625000	3.981000E+1	1.522781E-1
9.630000	4.040750E+1	1.095758E-1
9.635000	4.598421E+1	6.184976E-2
9.640000	4.668130E+1	2.919509E-2
9.645000	4.648213E+1	-3.459573E-3
9.650000	4.867298E+1	-4.867373E-2
9.655000	4.747797E+1	-8.886409E-2
9.660000	5.584303E+1	-1.164950E-1
9.665000	5.683887E+1	-1.717567E-1
9.670000	5.574344E+1	-2.018995E-1
9.675000	5.823305E+1	-2.370660E-1
9.680000	6.191765E+1	-2.898159E-1
9.685000	6.380975E+1	-3.149349E-1
9.690000	7.088022E+1	-3.576371E-1
9.695000	6.659811E+1	-4.053632E-1
9.700000	6.729519E+1	-4.355059E-1
9.705000	6.610018E+1	-4.681606E-1
9.710000	6.878895E+1	-5.183986E-1
9.715000	7.575984E+1	-5.510532E-1
9.720000	7.107939E+1	-5.837079E-1
9.725000	7.526192E+1	-6.264102E-1
9.730000	7.595901E+1	-6.666005E-1
9.735000	7.396732E+1	-7.017671E-1
9.740000	8.173488E+1	-7.469812E-1
9.745000	7.894653E+1	-7.921954E-1
9.750000	8.034070E+1	-8.248501E-1
9.755000	8.024112E+1	-8.549928E-1
9.760000	8.093821E+1	-9.002070E-1
9.765000	8.093821E+1	-9.429092E-1
9.770000	8.143613E+1	-9.705401E-1
9.775000	8.292989E+1	-1.015754E+0
9.780000	8.283030E+1	-1.060968E+0
9.785000	8.133654E+1	-1.086087E+0
9.790000	8.292989E+1	-1.128790E+0
9.795000	8.203363E+1	-1.176516E+0
9.800000	8.103779E+1	-1.206658E+0
9.805000	8.163530E+1	-1.239313E+0
9.810000	8.133654E+1	-1.289551E+0
9.815000	7.715401E+1	-1.322206E+0
9.820000	7.625776E+1	-1.362396E+0
9.825000	7.765193E+1	-1.405098E+0
9.830000	7.675568E+1	-1.432729E+0
9.835000	7.814985E+1	-1.475432E+0
9.840000	7.237398E+1	-1.513110E+0
9.845000	7.526192E+1	-1.548277E+0
9.850000	7.058147E+1	-1.588467E+0
9.855000	6.988438E+1	-1.636193E+0
9.860000	6.739478E+1	-1.668848E+0
9.865000	6.122057E+1	-1.706526E+0
9.870000	6.619977E+1	-1.749228E+0
9.875000	6.221641E+1	-1.776859E+0
9.880000	6.132015E+1	-1.819561E+0
9.885000	6.161890E+1	-1.862264E+0
9.890000	5.305467E+1	-1.889895E+0
9.895000	6.251516E+1	-1.937621E+0
9.900000	5.673928E+1	-1.980323E+0
9.905000	5.385135E+1	-2.010466E+0
9.910000	5.504636E+1	-2.043120E+0
9.915000	4.737838E+1	-2.093358E+0
9.920000	4.548629E+1	-2.120989E+0
9.925000	4.857339E+1	-2.156156E+0
9.930000	4.737838E+1	-2.203882E+0
9.935000	4.498837E+1	-2.239048E+0
9.940000	3.512955E+1	-2.276727E+0
9.945000	3.712123E+1	-2.311893E+0
9.950000	3.911291E+1	-2.347060E+0
9.955000	3.323745E+1	-2.397298E+0
9.960000	3.522913E+1	-2.429953E+0
9.965000	3.184327E+1	-2.465119E+0
9.970000	3.124577E+1	-2.505309E+0
9.975000	2.785991E+1	-2.532940E+0
9.980000	2.517114E+1	-2.583178E+0
9.985000	2.825825E+1	-2.618345E+0
9.990000	2.377697E+1	-2.651000E+0
9.995000	2.487239E+1	-2.645976E+0
10.000000	3.034951E+1	-2.590714E+0

