date/time: .08/11/2023.03:01 p.m.
Run 1

time	(LX)	(V)
0.000000	2.248237E+1	7.450859E-1
0.005000	2.417530E+1	6.395862E-1
0.010000	2.517114E+1	5.566936E-1
0.015000	2.726241E+1	4.612415E-1
0.020000	3.283911E+1	3.708132E-1
0.025000	3.642414E+1	2.728492E-1
0.030000	4.070625E+1	1.949803E-1
0.035000	3.971041E+1	9.952822E-2
0.040000	4.180168E+1	1.564222E-3
0.045000	4.588462E+1	-8.132840E-2
0.050000	5.156091E+1	-1.667329E-1
0.055000	6.221641E+1	-2.722326E-1
0.060000	6.371017E+1	-3.526133E-1
0.065000	6.948604E+1	-4.380178E-1
0.070000	7.406691E+1	-5.334699E-1
0.075000	7.097980E+1	-6.314339E-1
0.080000	7.805027E+1	-7.093028E-1
0.085000	7.864777E+1	-8.047549E-1
0.090000	8.123696E+1	-8.976951E-1
0.095000	8.093821E+1	-9.856115E-1
0.100000	7.874736E+1	-1.065992E+0
0.105000	8.462282E+1	-1.166468E+0
0.110000	7.974320E+1	-1.251873E+0
0.115000	7.924528E+1	-1.342301E+0
0.120000	7.625776E+1	-1.435241E+0
0.125000	7.805027E+1	-1.513110E+0
0.130000	7.127856E+1	-1.611074E+0
0.135000	7.157731E+1	-1.704014E+0
0.140000	7.446524E+1	-1.789419E+0
0.145000	6.261474E+1	-1.869799E+0
0.150000	6.361058E+1	-1.970275E+0
0.155000	5.146133E+1	-2.053168E+0
0.160000	5.434927E+1	-2.136061E+0
0.165000	5.086383E+1	-2.229001E+0
0.170000	4.588462E+1	-2.324453E+0
0.175000	4.269793E+1	-2.399810E+0
0.180000	3.234119E+1	-2.492750E+0
0.185000	3.781832E+1	-2.580666E+0
0.190000	3.104660E+1	-2.663559E+0
0.195000	3.194286E+1	-2.560571E+0
0.200000	4.449045E+1	-2.465119E+0
0.205000	3.761915E+1	-2.347060E+0
0.210000	5.116258E+1	-2.251608E+0
0.215000	5.006715E+1	-2.151132E+0
0.220000	5.424968E+1	-2.040608E+0
0.225000	6.659811E+1	-1.930085E+0
0.230000	5.912930E+1	-1.834633E+0
0.235000	7.476400E+1	-1.731645E+0
0.240000	7.376816E+1	-1.611074E+0
0.245000	7.566025E+1	-1.510598E+0
0.250000	8.223280E+1	-1.412634E+0
0.255000	8.053987E+1	-1.297087E+0
0.260000	8.053987E+1	-1.199123E+0
0.265000	8.482199E+1	-1.096135E+0
0.270000	8.024112E+1	-9.780758E-1
0.275000	7.356899E+1	-8.801118E-1
0.280000	8.053987E+1	-7.771240E-1
0.285000	7.187606E+1	-6.615767E-1
0.290000	7.456483E+1	-5.585889E-1
0.295000	7.177648E+1	-4.505773E-1
0.300000	5.614178E+1	-3.375419E-1
0.305000	6.958563E+1	-2.420898E-1
0.310000	4.787630E+1	-1.416139E-1
0.315000	5.395093E+1	-2.104286E-2
0.320000	4.777672E+1	7.943304E-2
0.325000	3.114618E+1	1.874446E-1
0.330000	4.190126E+1	3.004800E-1
0.335000	2.477281E+1	4.059797E-1
0.340000	2.965242E+1	5.039437E-1
0.345000	2.596781E+1	6.194910E-1
0.350000	2.198445E+1	7.300145E-1
0.355000	2.546989E+1	8.229547E-1
0.360000	2.307988E+1	9.385020E-1
0.365000	2.108820E+1	1.044002E+0
0.370000	2.377697E+1	1.146989E+0
0.375000	2.756116E+1	1.265049E+0
0.380000	2.337863E+1	1.368036E+0
0.385000	3.881416E+1	1.473536E+0
0.390000	3.044910E+1	1.594107E+0
0.395000	3.811707E+1	1.699607E+0
0.400000	5.106299E+1	1.805107E+0
0.405000	4.528712E+1	1.925678E+0
0.410000	6.122057E+1	2.026154E+0
0.415000	5.743637E+1	2.134165E+0
0.420000	5.912930E+1	2.068856E+0
0.425000	6.181807E+1	1.963356E+0
0.430000	4.767714E+1	1.880464E+0
0.435000	5.305467E+1	1.779988E+0
0.440000	3.990958E+1	1.684536E+0
0.445000	3.811707E+1	1.599131E+0
0.450000	3.911291E+1	1.491119E+0
0.455000	2.606740E+1	1.403203E+0
0.460000	3.323745E+1	1.315287E+0
0.465000	2.646573E+1	1.219835E+0
0.470000	2.437447E+1	1.131918E+0
0.475000	2.298029E+1	1.038978E+0
0.480000	2.218362E+1	9.410139E-1
0.485000	2.288071E+1	8.631451E-1
0.490000	2.138695E+1	7.626692E-1
0.495000	2.029152E+1	6.747528E-1
0.500000	2.168570E+1	5.868363E-1
0.505000	2.417530E+1	4.863604E-1
0.510000	2.258196E+1	3.984440E-1
0.515000	2.347821E+1	3.130395E-1
0.520000	2.507156E+1	2.125636E-1
0.525000	2.606740E+1	1.246472E-1
0.530000	2.895534E+1	3.421889E-2
0.535000	2.756116E+1	-5.872132E-2
0.540000	2.825825E+1	-1.391020E-1
0.545000	3.532871E+1	-2.320422E-1
0.550000	3.433287E+1	-3.249825E-1
0.555000	4.060667E+1	-4.103870E-1
0.560000	3.811707E+1	-5.108629E-1
0.565000	4.727880E+1	-5.987793E-1
0.570000	5.235759E+1	-6.892076E-1
0.575000	5.902972E+1	-7.821478E-1
0.580000	6.799228E+1	-8.600166E-1
0.585000	6.619977E+1	-9.554687E-1
0.590000	6.759395E+1	-1.048409E+0
0.595000	7.635734E+1	-1.128790E+0
0.600000	7.954403E+1	-1.226754E+0
0.605000	8.312906E+1	-1.314670E+0
0.610000	8.053987E+1	-1.400075E+0
0.615000	8.273072E+1	-1.495527E+0
0.620000	8.034070E+1	-1.583443E+0
0.625000	8.352739E+1	-1.663824E+0
0.630000	8.382615E+1	-1.764300E+0
0.635000	7.785110E+1	-1.849704E+0
0.640000	7.167689E+1	-1.937621E+0
0.645000	7.336982E+1	-2.025537E+0
0.650000	7.366857E+1	-2.113453E+0
0.655000	6.251516E+1	-2.211417E+0
0.660000	6.410850E+1	-2.291798E+0
0.665000	4.528712E+1	-2.374691E+0
0.670000	4.478920E+1	-2.467631E+0
0.675000	4.847381E+1	-2.563083E+0
0.680000	3.841582E+1	-2.645976E+0
0.685000	4.907131E+1	-2.595738E+0
0.690000	4.090542E+1	-2.495262E+0
0.695000	4.259835E+1	-2.384738E+0
0.700000	6.032431E+1	-2.281751E+0
0.705000	5.245717E+1	-2.173739E+0
0.710000	6.420809E+1	-2.078287E+0
0.715000	6.301308E+1	-1.965252E+0
0.720000	6.649852E+1	-1.859752E+0
0.725000	7.725360E+1	-1.761788E+0
0.730000	7.356899E+1	-1.648752E+0
0.735000	7.575984E+1	-1.540741E+0
0.740000	8.004195E+1	-1.447801E+0
0.745000	7.904611E+1	-1.329741E+0
0.750000	8.233238E+1	-1.229266E+0
0.755000	7.974320E+1	-1.128790E+0
0.760000	8.173488E+1	-1.015754E+0
0.765000	8.113738E+1	-9.102546E-1
0.770000	8.183446E+1	-8.097787E-1
0.775000	7.496316E+1	-6.942314E-1
0.780000	7.496316E+1	-5.811960E-1
0.785000	6.968521E+1	-4.882558E-1
0.790000	6.729519E+1	-3.777323E-1
0.795000	6.241558E+1	-2.621850E-1
0.800000	5.434927E+1	-1.717567E-1
0.805000	5.883055E+1	-5.872132E-2
0.810000	4.459003E+1	5.682597E-2
0.815000	4.508795E+1	1.573019E-1
0.820000	3.751956E+1	2.577778E-1
0.825000	3.144494E+1	3.733251E-1
0.830000	2.985159E+1	4.788247E-1
0.835000	2.317946E+1	5.793006E-1
0.840000	2.317946E+1	6.948479E-1
0.845000	2.288071E+1	8.003476E-1
0.850000	2.218362E+1	9.008235E-1
0.855000	2.128736E+1	1.013859E+0
0.860000	2.835783E+1	1.129406E+0
0.865000	2.756116E+1	1.232394E+0
0.870000	3.443246E+1	1.335382E+0
0.875000	4.030792E+1	1.445905E+0
0.880000	4.369377E+1	1.556429E+0
0.885000	5.275592E+1	1.656905E+0
0.890000	5.902972E+1	1.774964E+0
0.895000	6.231599E+1	1.890511E+0
0.900000	7.277232E+1	1.993499E+0
0.905000	7.277232E+1	2.106534E+0
0.910000	7.745277E+1	2.096487E+0
0.915000	7.187606E+1	1.990987E+0
0.920000	7.028271E+1	1.900559E+0
0.925000	6.858979E+1	1.812642E+0
0.930000	6.151932E+1	1.712166E+0
0.935000	5.654012E+1	1.611691E+0
0.940000	5.464802E+1	1.531310E+0
0.945000	5.176008E+1	1.430834E+0
0.950000	4.827464E+1	1.332870E+0
0.955000	3.901332E+1	1.249977E+0
0.960000	3.901332E+1	1.159549E+0
0.965000	3.582663E+1	1.064097E+0
0.970000	3.373537E+1	9.736686E-1
0.975000	2.955284E+1	8.857521E-1
0.980000	2.746157E+1	7.903000E-1
0.985000	2.656532E+1	6.948479E-1
0.990000	2.387655E+1	6.119553E-1
0.995000	2.088903E+1	5.114794E-1
1.000000	2.098861E+1	4.285868E-1
1.005000	2.347821E+1	3.381585E-1
1.010000	2.138695E+1	2.452183E-1
1.015000	2.596781E+1	1.547900E-1
1.020000	2.596781E+1	6.436166E-2
1.025000	2.985159E+1	-2.355475E-2
1.030000	3.234119E+1	-1.240307E-1
1.035000	3.343662E+1	-2.044114E-1
1.040000	4.210043E+1	-3.099111E-1
1.045000	4.897173E+1	-3.852680E-1
1.050000	5.036591E+1	-4.857439E-1
1.055000	5.863138E+1	-5.736603E-1
1.060000	6.002556E+1	-6.640886E-1
1.065000	6.719561E+1	-7.494931E-1
1.070000	7.078063E+1	-8.399214E-1
1.075000	7.496316E+1	-9.303498E-1
1.080000	7.894653E+1	-1.018266E+0
1.085000	7.824944E+1	-1.111206E+0
1.090000	7.854819E+1	-1.201635E+0
1.095000	8.123696E+1	-1.289551E+0
1.100000	8.243197E+1	-1.379979E+0
1.105000	8.044029E+1	-1.465384E+0
1.110000	7.336982E+1	-1.558324E+0
1.115000	6.928687E+1	-1.643729E+0
1.120000	6.380975E+1	-1.731645E+0
1.125000	5.106299E+1	-1.824585E+0
1.130000	4.817506E+1	-1.915014E+0
1.135000	3.990958E+1	-2.000418E+0
1.140000	3.851540E+1	-2.090846E+0
1.145000	3.901332E+1	-2.178763E+0
1.150000	2.596781E+1	-2.266679E+0
1.155000	2.457364E+1	-2.352084E+0
1.160000	2.317946E+1	-2.447536E+0
1.165000	2.218362E+1	-2.527917E+0
1.170000	1.959444E+1	-2.618345E+0
1.175000	2.078944E+1	-2.630904E+0
1.180000	2.098861E+1	-2.512845E+0
1.185000	2.098861E+1	-2.414881E+0
1.190000	2.248237E+1	-2.316917E+0
1.195000	2.925409E+1	-2.198858E+0
1.200000	2.546989E+1	-2.100894E+0
1.205000	3.423329E+1	-1.992882E+0
1.210000	3.632455E+1	-1.892406E+0
1.215000	3.214203E+1	-1.786907E+0
1.220000	5.405052E+1	-1.683919E+0
1.225000	4.239918E+1	-1.578419E+0
1.230000	5.504636E+1	-1.462872E+0
1.235000	5.723720E+1	-1.369932E+0
1.240000	5.305467E+1	-1.259408E+0
1.245000	6.968521E+1	-1.153909E+0
1.250000	6.321225E+1	-1.045897E+0
1.255000	7.177648E+1	-9.353735E-1
1.260000	7.575984E+1	-8.399214E-1
1.265000	7.048188E+1	-7.193504E-1
1.270000	8.133654E+1	-6.289221E-1
1.275000	7.725360E+1	-5.108629E-1
1.280000	8.302947E+1	-4.128989E-1
1.285000	8.372656E+1	-2.948397E-1
1.290000	8.332822E+1	-1.968757E-1
1.295000	7.346940E+1	-8.886409E-2
1.300000	8.133654E+1	1.914750E-2
1.305000	7.496316E+1	1.271591E-1
1.310000	6.649852E+1	2.326588E-1
1.315000	6.868937E+1	3.381585E-1
1.320000	5.763554E+1	4.436582E-1
1.325000	6.759395E+1	5.541817E-1
1.330000	5.026632E+1	6.521457E-1
1.335000	4.678088E+1	7.702049E-1
1.340000	5.066466E+1	8.757046E-1
1.345000	2.955284E+1	9.862280E-1
1.350000	3.114618E+1	1.094240E+0
1.355000	2.596781E+1	1.199739E+0
1.360000	2.776033E+1	1.312775E+0
1.365000	2.377697E+1	1.408227E+0
1.370000	2.307988E+1	1.521262E+0
1.375000	2.198445E+1	1.634298E+0
1.380000	2.467322E+1	1.734773E+0
1.385000	2.238279E+1	1.857856E+0
1.390000	2.596781E+1	1.955820E+0
1.395000	2.656532E+1	2.078903E+0
1.400000	2.576865E+1	2.111558E+0
1.405000	3.373537E+1	2.021130E+0
1.410000	2.407572E+1	1.920654E+0
1.415000	2.168570E+1	1.840273E+0
1.420000	2.586823E+1	1.734773E+0
1.425000	2.248237E+1	1.654393E+0
1.430000	2.507156E+1	1.546381E+0
1.435000	2.108820E+1	1.468512E+0
1.440000	2.198445E+1	1.363013E+0
1.445000	2.417530E+1	1.282632E+0
1.450000	3.024993E+1	1.184668E+0
1.455000	2.307988E+1	1.094240E+0
1.460000	2.965242E+1	1.001299E+0
1.465000	2.995118E+1	9.033354E-1
1.470000	2.865658E+1	8.229547E-1
1.475000	4.220001E+1	7.199669E-1
1.480000	3.861499E+1	6.395862E-1
1.485000	5.205883E+1	5.441341E-1
1.490000	5.056507E+1	4.511939E-1
1.495000	5.146133E+1	3.632775E-1
1.500000	6.211682E+1	2.728492E-1
1.505000	5.972681E+1	1.849327E-1
1.510000	6.500476E+1	8.194494E-2
1.515000	6.769353E+1	-3.459573E-3
1.520000	7.575984E+1	-9.137599E-2
1.525000	7.844861E+1	-1.893400E-1
1.530000	7.725360E+1	-2.697207E-1
1.535000	7.775152E+1	-3.651728E-1
1.540000	8.163530E+1	-4.581130E-1
1.545000	8.103779E+1	-5.359818E-1
1.550000	8.203363E+1	-6.339458E-1
1.555000	8.053987E+1	-7.293980E-1
1.560000	8.452323E+1	-8.173144E-1
1.565000	8.243197E+1	-9.027189E-1
1.570000	7.844861E+1	-9.956591E-1
1.575000	7.595901E+1	-1.078552E+0
1.580000	7.506275E+1	-1.176516E+0
1.585000	7.655651E+1	-1.259408E+0
1.590000	7.018313E+1	-1.344813E+0
1.595000	6.380975E+1	-1.447801E+0
1.600000	5.972681E+1	-1.523158E+0
1.605000	5.644053E+1	-1.618610E+0
1.610000	5.982639E+1	-1.711550E+0
1.615000	4.737838E+1	-1.796954E+0
1.620000	4.717922E+1	-1.887383E+0
1.625000	4.618338E+1	-1.977811E+0
1.630000	3.951124E+1	-2.063216E+0
1.635000	3.393454E+1	-2.151132E+0
1.640000	3.512955E+1	-2.241560E+0
1.645000	2.955284E+1	-2.326965E+0
1.650000	2.726241E+1	-2.414881E+0
1.655000	2.278112E+1	-2.500286E+0
1.660000	2.785991E+1	-2.590714E+0
1.665000	2.248237E+1	-2.645976E+0
1.670000	2.716282E+1	-2.555547E+0
1.675000	2.746157E+1	-2.437488E+0
1.680000	2.686407E+1	-2.342036E+0
1.685000	4.190126E+1	-2.229001E+0
1.690000	3.144494E+1	-2.136061E+0
1.695000	4.040750E+1	-2.020513E+0
1.700000	5.823305E+1	-1.930085E+0
1.705000	4.160251E+1	-1.812026E+0
1.710000	6.699644E+1	-1.716574E+0
1.715000	5.285551E+1	-1.598514E+0
1.720000	6.540310E+1	-1.505574E+0
1.725000	7.785110E+1	-1.392539E+0
1.730000	6.510434E+1	-1.287039E+0
1.735000	8.123696E+1	-1.186563E+0
1.740000	8.233238E+1	-1.073528E+0
1.745000	8.253155E+1	-9.680282E-1
1.750000	7.884694E+1	-8.600166E-1
1.755000	7.854819E+1	-7.670764E-1
1.760000	8.034070E+1	-6.490172E-1
1.765000	8.113738E+1	-5.535651E-1
1.770000	8.233238E+1	-4.329940E-1
1.775000	6.629935E+1	-3.425657E-1
1.780000	7.177648E+1	-2.219947E-1
1.785000	5.833263E+1	-1.265426E-1
1.790000	6.102140E+1	-5.971470E-3
1.795000	6.898812E+1	8.696874E-2
1.800000	4.628296E+1	2.025160E-1
1.805000	5.683887E+1	3.105276E-1
1.810000	4.210043E+1	4.084916E-1
1.815000	3.194286E+1	5.265508E-1
1.820000	3.951124E+1	6.245148E-1
1.825000	2.895534E+1	7.450859E-1
1.830000	2.985159E+1	8.480737E-1
1.835000	2.158612E+1	9.535734E-1
1.840000	2.248237E+1	1.061585E+0
1.845000	2.238279E+1	1.172108E+0
1.850000	2.238279E+1	1.275096E+0
1.855000	2.019194E+1	1.383108E+0
1.860000	2.546989E+1	1.491119E+0
1.865000	2.945326E+1	1.606667E+0
1.870000	2.875617E+1	1.717190E+0
1.875000	3.662331E+1	1.815154E+0
1.880000	3.413371E+1	1.928190E+0
1.885000	4.339502E+1	2.043737E+0
1.890000	4.897173E+1	2.144213E+0
1.895000	3.871457E+1	2.056296E+0
1.900000	5.006715E+1	1.950797E+0
1.905000	3.323745E+1	1.860368E+0
1.910000	3.433287E+1	1.764916E+0
1.915000	3.174369E+1	1.666952E+0
1.920000	2.835783E+1	1.586572E+0
1.925000	2.945326E+1	1.483584E+0
1.930000	2.049069E+1	1.395667E+0
1.935000	2.168570E+1	1.302727E+0
1.940000	2.387655E+1	1.212299E+0
1.945000	2.387655E+1	1.124382E+0
1.950000	2.158612E+1	1.021395E+0
1.955000	2.646573E+1	9.435258E-1
1.960000	2.785991E+1	8.380261E-1
1.965000	2.527073E+1	7.601573E-1
1.970000	3.204244E+1	6.621933E-1
1.975000	3.154452E+1	5.692531E-1
1.980000	4.409211E+1	4.813366E-1
1.985000	4.399253E+1	3.909083E-1
1.990000	4.100501E+1	3.004800E-1
1.995000	5.564386E+1	2.000041E-1
2.000000	4.986799E+1	1.196234E-1
2.005000	6.271433E+1	1.914750E-2
2.010000	5.962722E+1	-6.123322E-2
2.015000	6.540310E+1	-1.591972E-1
2.020000	7.078063E+1	-2.420898E-1
2.025000	6.849020E+1	-3.375419E-1
2.030000	7.516233E+1	-4.254584E-1
2.035000	8.024112E+1	-5.183986E-1
2.040000	8.223280E+1	-6.088269E-1
2.045000	8.273072E+1	-6.967433E-1
2.050000	7.904611E+1	-7.896835E-1
2.055000	8.243197E+1	-8.801118E-1
2.060000	8.561866E+1	-9.705401E-1
2.065000	8.273072E+1	-1.058457E+0
2.070000	7.705443E+1	-1.146373E+0
2.075000	7.824944E+1	-1.239313E+0
2.080000	7.725360E+1	-1.319694E+0
2.085000	7.446524E+1	-1.415146E+0
2.090000	7.018313E+1	-1.513110E+0
2.095000	6.480559E+1	-1.598514E+0
2.100000	6.291350E+1	-1.683919E+0
2.105000	5.793429E+1	-1.779371E+0
2.110000	5.883055E+1	-1.857240E+0
2.115000	5.156091E+1	-1.950180E+0
2.120000	4.598421E+1	-2.043120E+0
2.125000	4.309627E+1	-2.126013E+0
2.130000	3.184327E+1	-2.213929E+0
2.135000	3.124577E+1	-2.309381E+0
2.140000	3.602580E+1	-2.384738E+0
2.145000	2.566906E+1	-2.475167E+0
2.150000	2.537031E+1	-2.568107E+0
2.155000	2.218362E+1	-2.648488E+0
2.160000	2.586823E+1	-2.578155E+0
2.165000	2.915450E+1	-2.472655E+0
2.170000	2.696365E+1	-2.372179E+0
2.175000	3.493038E+1	-2.271703E+0
2.180000	3.851540E+1	-2.163691E+0
2.185000	4.050708E+1	-2.050656E+0
2.190000	5.086383E+1	-1.957716E+0
2.195000	4.419169E+1	-1.844680E+0
2.200000	6.191765E+1	-1.739181E+0
2.205000	6.161890E+1	-1.638705E+0
2.210000	6.550268E+1	-1.530693E+0
2.215000	7.556067E+1	-1.425194E+0
2.220000	7.257315E+1	-1.329741E+0
2.225000	8.163530E+1	-1.209170E+0
2.230000	7.904611E+1	-1.101159E+0
2.235000	7.854819E+1	-1.008219E+0
2.240000	8.243197E+1	-8.951832E-1
2.245000	8.452323E+1	-7.871716E-1
2.250000	7.844861E+1	-6.917195E-1
2.255000	7.854819E+1	-5.736603E-1
2.260000	8.053987E+1	-4.756963E-1
2.265000	7.327024E+1	-3.626609E-1
2.270000	7.227440E+1	-2.571612E-1
2.275000	6.301308E+1	-1.566853E-1
2.280000	6.171849E+1	-3.611424E-2
2.285000	6.102140E+1	6.436166E-2
2.290000	4.986799E+1	1.648376E-1
2.295000	4.797589E+1	2.803848E-1
2.300000	4.130376E+1	3.808607E-1
2.305000	3.672289E+1	4.863604E-1
2.310000	3.353620E+1	6.019077E-1
2.315000	2.546989E+1	7.099193E-1
2.320000	2.596781E+1	8.078833E-1
2.325000	2.616698E+1	9.234306E-1
2.330000	2.029152E+1	1.036466E+0
2.335000	2.118778E+1	1.131918E+0
2.340000	2.327904E+1	1.244953E+0
2.345000	2.397613E+1	1.360501E+0
2.350000	2.487239E+1	1.460977E+0
2.355000	2.666490E+1	1.563964E+0
2.360000	3.114618E+1	1.677000E+0
2.365000	3.662331E+1	1.797571E+0
2.370000	4.140334E+1	1.900559E+0
2.375000	4.369377E+1	2.011082E+0
2.380000	5.693845E+1	2.114070E+0
2.385000	4.897173E+1	2.078903E+0
2.390000	4.568546E+1	1.988475E+0
2.395000	4.110459E+1	1.890511E+0
2.400000	3.990958E+1	1.790035E+0
2.405000	3.602580E+1	1.702119E+0
2.410000	3.104660E+1	1.611691E+0
2.415000	2.756116E+1	1.513727E+0
2.420000	2.985159E+1	1.418274E+0
2.425000	2.347821E+1	1.335382E+0
2.430000	2.288071E+1	1.234906E+0
2.435000	2.148653E+1	1.146989E+0
2.440000	2.278112E+1	1.061585E+0
2.445000	2.268154E+1	9.611091E-1
2.450000	2.377697E+1	8.681689E-1
2.455000	2.556948E+1	7.827643E-1
2.460000	2.716282E+1	6.948479E-1
2.465000	3.582663E+1	5.918601E-1
2.470000	2.945326E+1	5.064556E-1
2.475000	3.353620E+1	4.185392E-1
2.480000	4.210043E+1	3.180633E-1
2.485000	3.732040E+1	2.326588E-1
2.490000	5.584303E+1	1.472543E-1
2.495000	5.295509E+1	4.677838E-2
2.500000	5.604220E+1	-4.113804E-2
2.505000	6.709603E+1	-1.240307E-1
2.510000	5.434927E+1	-2.295303E-1
2.515000	7.605859E+1	-3.124230E-1
2.520000	6.938646E+1	-4.028513E-1
2.525000	7.167689E+1	-4.983034E-1
2.530000	8.153571E+1	-5.837079E-1
2.535000	7.097980E+1	-6.666005E-1
2.540000	8.611658E+1	-7.670764E-1
2.545000	8.283030E+1	-8.499690E-1
2.550000	8.153571E+1	-9.353735E-1
2.555000	7.814985E+1	-1.035849E+0
2.560000	8.163530E+1	-1.118742E+0
2.565000	7.346940E+1	-1.209170E+0
2.570000	8.243197E+1	-1.307134E+0
2.575000	7.595901E+1	-1.385003E+0
2.580000	6.291350E+1	-1.487991E+0
2.585000	7.755235E+1	-1.563348E+0
2.590000	5.176008E+1	-1.658800E+0
2.595000	6.649852E+1	-1.744205E+0
2.600000	6.271433E+1	-1.832121E+0
2.605000	3.981000E+1	-1.922549E+0
2.610000	6.380975E+1	-2.010466E+0
2.615000	2.975201E+1	-2.100894E+0
2.620000	4.220001E+1	-2.198858E+0
2.625000	3.751956E+1	-2.271703E+0
2.630000	2.377697E+1	-2.369667E+0
2.635000	3.791790E+1	-2.452560E+0
2.640000	2.178528E+1	-2.535452E+0
2.645000	2.278112E+1	-2.628392E+0
2.650000	2.387655E+1	-2.623369E+0
2.655000	2.019194E+1	-2.505309E+0
2.660000	3.921249E+1	-2.399810E+0
2.665000	2.457364E+1	-2.301846E+0
2.670000	3.821665E+1	-2.191322E+0
2.675000	4.020833E+1	-2.080799E+0
2.680000	3.343662E+1	-1.975299E+0
2.685000	5.763554E+1	-1.877335E+0
2.690000	4.210043E+1	-1.771835E+0
2.695000	5.743637E+1	-1.661312E+0
2.700000	6.480559E+1	-1.560836E+0
2.705000	5.703804E+1	-1.462872E+0
2.710000	7.655651E+1	-1.352349E+0
2.715000	6.490518E+1	-1.236801E+0
2.720000	7.785110E+1	-1.141349E+0
2.725000	7.914569E+1	-1.038361E+0
2.730000	7.785110E+1	-9.278379E-1
2.735000	7.994237E+1	-8.148025E-1
2.740000	8.402531E+1	-7.118147E-1
2.745000	8.093821E+1	-6.138507E-1
2.750000	7.874736E+1	-5.033272E-1
2.755000	7.795069E+1	-3.877799E-1
2.760000	6.938646E+1	-2.923278E-1
2.765000	7.536150E+1	-1.843162E-1
2.770000	6.122057E+1	-7.379270E-2
2.775000	6.380975E+1	2.668320E-2
2.780000	6.161890E+1	1.422305E-1
2.785000	5.146133E+1	2.477302E-1
2.790000	5.006715E+1	3.482061E-1
2.795000	3.951124E+1	4.612415E-1
2.800000	3.851540E+1	5.717650E-1
2.805000	3.532871E+1	6.747528E-1
2.810000	2.716282E+1	7.752287E-1
2.815000	2.766074E+1	8.882640E-1
2.820000	2.387655E+1	9.962756E-1
2.825000	2.208404E+1	1.101775E+0
2.830000	2.118778E+1	1.214811E+0
2.835000	2.039111E+1	1.322822E+0
2.840000	2.278112E+1	1.430834E+0
2.845000	2.497197E+1	1.533822E+0
2.850000	2.865658E+1	1.641833E+0
2.855000	2.716282E+1	1.757381E+0
2.860000	3.751956E+1	1.872928E+0
2.865000	4.319585E+1	1.978428E+0
2.870000	4.379336E+1	2.086439E+0
2.875000	4.369377E+1	2.114070E+0
2.880000	4.269793E+1	2.011082E+0
2.885000	3.961083E+1	1.915630E+0
2.890000	3.273953E+1	1.827714E+0
2.895000	2.935367E+1	1.729750E+0
2.900000	2.885575E+1	1.631786E+0
2.905000	2.636615E+1	1.546381E+0
2.910000	2.407572E+1	1.448417E+0
2.915000	2.377697E+1	1.350453E+0
2.920000	2.218362E+1	1.265049E+0
2.925000	2.268154E+1	1.182156E+0
2.930000	2.059028E+1	1.079168E+0
2.935000	2.078944E+1	9.887399E-1
2.940000	2.357780E+1	8.907759E-1
2.945000	2.805908E+1	8.129071E-1
2.950000	2.656532E+1	7.199669E-1
2.955000	3.254036E+1	6.144672E-1
2.960000	3.263995E+1	5.315746E-1
2.965000	4.060667E+1	4.511939E-1
2.970000	4.180168E+1	3.507180E-1
2.975000	4.548629E+1	2.577778E-1
2.980000	5.156091E+1	1.698614E-1
2.985000	5.345301E+1	8.696874E-2
2.990000	5.753596E+1	-1.853096E-2
2.995000	6.331183E+1	-1.039355E-1
3.000000	6.619977E+1	-1.943638E-1
3.005000	7.058147E+1	-2.923278E-1
3.010000	6.978479E+1	-3.701966E-1
3.015000	7.795069E+1	-4.681606E-1
3.020000	8.014154E+1	-5.560770E-1
3.025000	8.203363E+1	-6.364577E-1
3.030000	8.113738E+1	-7.344217E-1
3.035000	8.223280E+1	-8.248501E-1
3.040000	8.402531E+1	-9.102546E-1
3.045000	8.053987E+1	-1.013242E+0
3.050000	8.123696E+1	-1.103671E+0
3.055000	7.884694E+1	-1.181540E+0
3.060000	7.914569E+1	-1.279504E+0
3.065000	7.217481E+1	-1.372444E+0
3.070000	7.088022E+1	-1.447801E+0
3.075000	6.460642E+1	-1.540741E+0
3.080000	6.251516E+1	-1.631169E+0
3.085000	5.554428E+1	-1.714062E+0
3.090000	5.036591E+1	-1.807002E+0
3.095000	5.225800E+1	-1.897430E+0
3.100000	4.299669E+1	-1.980323E+0
3.105000	4.090542E+1	-2.080799E+0
3.110000	3.821665E+1	-2.166203E+0
3.115000	2.985159E+1	-2.246584E+0
3.120000	3.164410E+1	-2.347060E+0
3.125000	2.626657E+1	-2.424929E+0
3.130000	2.656532E+1	-2.510333E+0
3.135000	2.317946E+1	-2.603273E+0
3.140000	2.158612E+1	-2.643464E+0
3.145000	2.477281E+1	-2.535452E+0
3.150000	2.377697E+1	-2.434976E+0
3.155000	2.756116E+1	-2.321941E+0
3.160000	3.164410E+1	-2.221465E+0
3.165000	3.463163E+1	-2.113453E+0
3.170000	3.951124E+1	-2.007954E+0
3.175000	3.931208E+1	-1.912502E+0
3.180000	5.096341E+1	-1.801978E+0
3.185000	5.584303E+1	-1.691455E+0
3.190000	5.942805E+1	-1.598514E+0
3.195000	6.619977E+1	-1.493015E+0
3.200000	6.699644E+1	-1.379979E+0
3.205000	7.346940E+1	-1.276992E+0
3.210000	7.556067E+1	-1.176516E+0
3.215000	7.944445E+1	-1.063480E+0
3.220000	8.163530E+1	-9.504449E-1
3.225000	8.322864E+1	-8.549928E-1
3.230000	8.342781E+1	-7.444693E-1
3.235000	8.263114E+1	-6.389696E-1
3.240000	8.442365E+1	-5.384937E-1
3.245000	7.615817E+1	-4.229465E-1
3.250000	7.486358E+1	-3.199587E-1
3.255000	6.898812E+1	-2.169709E-1
3.260000	6.858979E+1	-1.014236E-1
3.265000	6.610018E+1	4.076120E-3
3.270000	5.524552E+1	1.045520E-1
3.275000	5.534511E+1	2.200993E-1
3.280000	5.166050E+1	3.255990E-1
3.285000	4.578504E+1	4.260749E-1
3.290000	3.682248E+1	5.416222E-1
3.295000	3.184327E+1	6.420981E-1
3.300000	3.433287E+1	7.501097E-1
3.305000	2.696365E+1	8.656570E-1
3.310000	2.268154E+1	9.611091E-1
3.315000	2.278112E+1	1.076656E+0
3.320000	2.307988E+1	1.189692E+0
3.325000	2.258196E+1	1.285144E+0
3.330000	2.198445E+1	1.398179E+0
3.335000	2.347821E+1	1.513727E+0
3.340000	2.706324E+1	1.616714E+0
3.345000	2.985159E+1	1.724726E+0
3.350000	3.283911E+1	1.837761E+0
3.355000	3.542830E+1	1.935725E+0
3.360000	4.478920E+1	2.058808E+0
3.365000	4.478920E+1	2.134165E+0
3.370000	4.289710E+1	2.038713E+0
3.375000	3.951124E+1	1.948285E+0
3.380000	3.502996E+1	1.840273E+0
3.385000	3.303828E+1	1.754869E+0
3.390000	2.756116E+1	1.661928E+0
3.395000	2.626657E+1	1.563964E+0
3.400000	2.785991E+1	1.483584E+0
3.405000	2.407572E+1	1.375572E+0
3.410000	2.108820E+1	1.295191E+0
3.415000	2.228320E+1	1.199739E+0
3.420000	2.357780E+1	1.104287E+0
3.425000	2.427489E+1	1.018883E+0
3.430000	2.327904E+1	9.158949E-1
3.435000	2.566906E+1	8.304904E-1
3.440000	3.044910E+1	7.425740E-1
3.445000	2.955284E+1	6.420981E-1
3.450000	3.124577E+1	5.541817E-1
3.455000	3.911291E+1	4.738010E-1
3.460000	4.130376E+1	3.783488E-1
3.465000	4.717922E+1	2.854086E-1
3.470000	4.907131E+1	2.000041E-1
3.475000	5.434927E+1	1.045520E-1
3.480000	6.171849E+1	6.588017E-3
3.485000	6.600060E+1	-7.630460E-2
3.490000	6.619977E+1	-1.767805E-1
3.495000	6.948604E+1	-2.621850E-1
3.500000	7.814985E+1	-3.501014E-1
3.505000	7.864777E+1	-4.380178E-1
3.510000	7.715401E+1	-5.259343E-1
3.515000	8.073904E+1	-6.188745E-1
3.520000	8.362698E+1	-7.093028E-1
3.525000	8.213322E+1	-7.947073E-1
3.530000	8.034070E+1	-8.976951E-1
3.535000	8.203363E+1	-9.830996E-1
3.540000	8.044029E+1	-1.071016E+0
3.545000	7.884694E+1	-1.166468E+0
3.550000	7.526192E+1	-1.241825E+0
3.555000	7.008355E+1	-1.334765E+0
3.560000	7.197564E+1	-1.435241E+0
3.565000	6.639894E+1	-1.518134E+0
3.570000	5.982639E+1	-1.611074E+0
3.575000	6.002556E+1	-1.698990E+0
3.580000	5.106299E+1	-1.786907E+0
3.585000	4.797589E+1	-1.874823E+0
3.590000	4.389294E+1	-1.962740E+0
3.595000	4.050708E+1	-2.043120E+0
3.600000	3.811707E+1	-2.141084E+0
3.605000	3.263995E+1	-2.226489E+0
3.610000	3.054868E+1	-2.314405E+0
3.615000	2.766074E+1	-2.404834E+0
3.620000	2.337863E+1	-2.480191E+0
3.625000	2.238279E+1	-2.583178E+0
3.630000	1.999277E+1	-2.661047E+0
3.635000	2.298029E+1	-2.565595E+0
3.640000	2.885575E+1	-2.455072E+0
3.645000	2.397613E+1	-2.347060E+0
3.650000	3.273953E+1	-2.249096E+0
3.655000	3.015034E+1	-2.146108E+0
3.660000	3.602580E+1	-2.040608E+0
3.665000	4.040750E+1	-1.942644E+0
3.670000	4.180168E+1	-1.827097E+0
3.675000	5.574344E+1	-1.726621E+0
3.680000	5.156091E+1	-1.618610E+0
3.685000	6.042389E+1	-1.510598E+0
3.690000	6.819145E+1	-1.415146E+0
3.695000	6.759395E+1	-1.302111E+0
3.700000	7.904611E+1	-1.199123E+0
3.705000	7.834902E+1	-1.098647E+0
3.710000	8.143613E+1	-9.856115E-1
3.715000	8.312906E+1	-8.750880E-1
3.720000	8.432407E+1	-7.771240E-1
3.725000	8.342781E+1	-6.741362E-1
3.730000	8.163530E+1	-5.611008E-1
3.735000	7.924528E+1	-4.505773E-1
3.740000	7.456483E+1	-3.576371E-1
3.745000	7.665609E+1	-2.420898E-1
3.750000	7.297148E+1	-1.340782E-1
3.755000	7.416649E+1	-2.606665E-2
3.760000	6.699644E+1	8.445684E-2
3.765000	5.066466E+1	1.874446E-1
3.770000	4.827464E+1	2.929443E-1
3.775000	4.488878E+1	4.034678E-1
3.780000	5.036591E+1	5.089675E-1
3.785000	4.200085E+1	6.069315E-1
3.790000	2.995118E+1	7.224788E-1
3.795000	2.795950E+1	8.330023E-1
3.800000	2.985159E+1	9.334782E-1
3.805000	2.756116E+1	1.049025E+0
3.810000	2.188487E+1	1.159549E+0
3.815000	2.148653E+1	1.262537E+0
3.820000	2.238279E+1	1.368036E+0
3.825000	2.198445E+1	1.481072E+0
3.830000	2.218362E+1	1.579036E+0
3.835000	2.487239E+1	1.694583E+0
3.840000	2.776033E+1	1.812642E+0
3.845000	3.333703E+1	1.915630E+0
3.850000	3.732040E+1	2.026154E+0
3.855000	4.259835E+1	2.144213E+0
3.860000	4.349461E+1	2.063832E+0
3.865000	3.732040E+1	1.965868E+0
3.870000	3.074785E+1	1.877952E+0
3.875000	2.696365E+1	1.779988E+0
3.880000	2.855700E+1	1.687047E+0
3.885000	2.556948E+1	1.601643E+0
3.890000	2.298029E+1	1.501167E+0
3.895000	2.118778E+1	1.408227E+0
3.900000	2.327904E+1	1.320310E+0
3.905000	2.248237E+1	1.214811E+0
3.910000	2.078944E+1	1.134430E+0
3.915000	2.317946E+1	1.033954E+0
3.920000	2.616698E+1	9.535734E-1
3.925000	2.756116E+1	8.606332E-1
3.930000	2.915450E+1	7.601573E-1
3.935000	3.244078E+1	6.797765E-1
3.940000	3.871457E+1	5.868363E-1
3.945000	4.110459E+1	4.913842E-1
3.950000	4.508795E+1	4.059797E-1
3.955000	4.807547E+1	3.105276E-1
3.960000	5.594261E+1	2.125636E-1
3.965000	5.723720E+1	1.296710E-1
3.970000	5.952764E+1	4.426648E-2
3.975000	6.490518E+1	-5.369752E-2
3.980000	6.729519E+1	-1.441258E-1
3.985000	7.107939E+1	-2.295303E-1
3.990000	7.486358E+1	-3.249825E-1
3.995000	7.635734E+1	-4.154108E-1
4.000000	8.273072E+1	-5.008153E-1
4.005000	8.263114E+1	-6.012912E-1
4.010000	7.994237E+1	-6.892076E-1
4.015000	7.984278E+1	-7.695883E-1
4.020000	8.332822E+1	-8.675523E-1
4.025000	8.253155E+1	-9.554687E-1
4.030000	7.814985E+1	-1.040873E+0
4.035000	8.053987E+1	-1.138837E+0
4.040000	7.625776E+1	-1.221730E+0
4.045000	7.287190E+1	-1.309646E+0
4.050000	6.699644E+1	-1.407610E+0
4.055000	6.181807E+1	-1.487991E+0
4.060000	6.410850E+1	-1.580931E+0
4.065000	5.444885E+1	-1.676383E+0
4.070000	5.335343E+1	-1.759276E+0
4.075000	4.946965E+1	-1.842169E+0
4.080000	4.309627E+1	-1.942644E+0
4.085000	4.100501E+1	-2.025537E+0
4.090000	3.622497E+1	-2.108430E+0
4.095000	3.423329E+1	-2.201370E+0
4.100000	3.313787E+1	-2.289286E+0
4.105000	2.546989E+1	-2.372179E+0
4.110000	2.387655E+1	-2.462607E+0
4.115000	2.158612E+1	-2.553036E+0
4.120000	2.238279E+1	-2.635928E+0
4.125000	2.148653E+1	-2.593226E+0
4.130000	2.148653E+1	-2.487726E+0
4.135000	2.676449E+1	-2.384738E+0
4.140000	2.855700E+1	-2.269191E+0
4.145000	3.074785E+1	-2.178763E+0
4.150000	3.831624E+1	-2.073263E+0
4.155000	3.971041E+1	-1.970275E+0
4.160000	4.717922E+1	-1.854728E+0
4.165000	4.927048E+1	-1.754252E+0
4.170000	5.464802E+1	-1.648752E+0
4.175000	6.112098E+1	-1.538229E+0
4.180000	6.420809E+1	-1.437753E+0
4.185000	6.789270E+1	-1.334765E+0
4.190000	7.127856E+1	-1.226754E+0
4.195000	7.974320E+1	-1.121254E+0
4.200000	8.442365E+1	-1.025802E+0
4.205000	8.143613E+1	-9.052308E-1
4.210000	8.123696E+1	-8.047549E-1
4.215000	8.472240E+1	-7.042790E-1
4.220000	8.173488E+1	-5.937555E-1
4.225000	7.775152E+1	-4.782082E-1
4.230000	7.695485E+1	-3.752204E-1
4.235000	7.327024E+1	-2.772564E-1
4.240000	7.267273E+1	-1.642210E-1
4.245000	6.470601E+1	-5.369752E-2
4.250000	5.574344E+1	4.175458E-2
4.255000	5.534511E+1	1.547900E-1
4.260000	4.937007E+1	2.703373E-1
4.265000	4.797589E+1	3.708132E-1
4.270000	3.901332E+1	4.712891E-1
4.275000	3.403412E+1	5.918601E-1
4.280000	3.443246E+1	6.948479E-1
4.285000	2.825825E+1	7.928119E-1
4.290000	2.477281E+1	9.133830E-1
4.295000	2.497197E+1	1.016371E+0
4.300000	2.397613E+1	1.119359E+0
4.305000	2.218362E+1	1.234906E+0
4.310000	2.059028E+1	1.335382E+0
4.315000	2.317946E+1	1.438370E+0
4.320000	2.546989E+1	1.558941E+0
4.325000	2.855700E+1	1.666952E+0
4.330000	3.034951E+1	1.774964E+0
4.335000	3.602580E+1	1.890511E+0
4.340000	4.229960E+1	1.988475E+0
4.345000	4.468961E+1	2.109046E+0
4.350000	4.787630E+1	2.093975E+0
4.355000	4.210043E+1	1.993499E+0
4.360000	3.971041E+1	1.905583E+0
4.365000	3.453204E+1	1.807619E+0
4.370000	2.805908E+1	1.717190E+0
4.375000	2.895534E+1	1.626762E+0
4.380000	2.865658E+1	1.526286E+0
4.385000	2.507156E+1	1.433346E+0
4.390000	2.178528E+1	1.345429E+0
4.395000	2.278112E+1	1.242442E+0
4.400000	2.377697E+1	1.164573E+0
4.405000	2.118778E+1	1.071633E+0
4.410000	2.188487E+1	9.761805E-1
4.415000	2.347821E+1	8.832402E-1
4.420000	3.044910E+1	7.928119E-1
4.425000	2.885575E+1	7.074074E-1
4.430000	3.174369E+1	6.019077E-1
4.435000	3.592622E+1	5.190151E-1
4.440000	3.911291E+1	4.260749E-1
4.445000	4.518754E+1	3.255990E-1
4.450000	4.508795E+1	2.477302E-1
4.455000	5.325384E+1	1.522781E-1
4.460000	5.823305E+1	6.436166E-2
4.465000	5.693845E+1	-2.104286E-2
4.470000	6.331183E+1	-1.190069E-1
4.475000	6.639894E+1	-2.119471E-1
4.480000	7.655651E+1	-2.998635E-1
4.485000	7.496316E+1	-3.902918E-1
4.490000	7.516233E+1	-4.857439E-1
4.495000	8.163530E+1	-5.661246E-1
4.500000	8.053987E+1	-6.666005E-1
4.505000	8.093821E+1	-7.494931E-1
4.510000	8.093821E+1	-8.399214E-1
4.515000	8.073904E+1	-9.278379E-1
4.520000	7.954403E+1	-1.013242E+0
4.525000	8.173488E+1	-1.108694E+0
4.530000	7.585942E+1	-1.199123E+0
4.535000	7.436566E+1	-1.287039E+0
4.540000	7.416649E+1	-1.382491E+0
4.545000	6.420809E+1	-1.467896E+0
4.550000	6.052348E+1	-1.548277E+0
4.555000	5.793429E+1	-1.651264E+0
4.560000	6.012514E+1	-1.734157E+0
4.565000	5.036591E+1	-1.819561E+0
4.570000	4.518754E+1	-1.917525E+0
4.575000	4.698005E+1	-2.000418E+0
4.580000	3.781832E+1	-2.080799E+0
4.585000	3.751956E+1	-2.178763E+0
4.590000	2.995118E+1	-2.269191E+0
4.595000	2.955284E+1	-2.344548E+0
4.600000	2.507156E+1	-2.442512E+0
4.605000	2.078944E+1	-2.527917E+0
4.610000	2.059028E+1	-2.613321E+0
4.615000	2.178528E+1	-2.630904E+0
4.620000	2.397613E+1	-2.517869E+0
4.625000	2.337863E+1	-2.414881E+0
4.630000	2.477281E+1	-2.316917E+0
4.635000	3.592622E+1	-2.203882E+0
4.640000	3.522913E+1	-2.100894E+0
4.645000	4.160251E+1	-2.000418E+0
4.650000	4.349461E+1	-1.884871E+0
4.655000	4.658171E+1	-1.791931E+0
4.660000	5.594261E+1	-1.681407E+0
4.665000	5.524552E+1	-1.575907E+0
4.670000	6.181807E+1	-1.477943E+0
4.675000	7.018313E+1	-1.357372E+0
4.680000	6.898812E+1	-1.256896E+0
4.685000	7.715401E+1	-1.156421E+0
4.690000	7.516233E+1	-1.040873E+0
4.695000	8.263114E+1	-9.479330E-1
4.700000	8.213322E+1	-8.298739E-1
4.705000	8.292989E+1	-7.319098E-1
4.710000	8.183446E+1	-6.213864E-1
4.715000	8.193405E+1	-5.133748E-1
4.720000	8.083862E+1	-4.103870E-1
4.725000	7.496316E+1	-2.973516E-1
4.730000	7.496316E+1	-2.044114E-1
4.735000	6.759395E+1	-8.384029E-2
4.740000	7.018313E+1	1.914750E-2
4.745000	6.181807E+1	1.246472E-1
4.750000	5.823305E+1	2.301469E-1
4.755000	5.195925E+1	3.356466E-1
4.760000	4.777672E+1	4.511939E-1
4.765000	3.851540E+1	5.491579E-1
4.770000	3.423329E+1	6.596814E-1
4.775000	3.154452E+1	7.676930E-1
4.780000	2.776033E+1	8.681689E-1
4.785000	2.397613E+1	9.937637E-1
4.790000	2.198445E+1	1.091728E+0
4.795000	2.307988E+1	1.197227E+0
4.800000	2.158612E+1	1.312775E+0
4.805000	2.208404E+1	1.413251E+0
4.810000	2.218362E+1	1.526286E+0
4.815000	2.507156E+1	1.634298E+0
4.820000	2.945326E+1	1.737285E+0
4.825000	3.184327E+1	1.857856E+0
4.830000	3.433287E+1	1.960844E+0
4.835000	4.110459E+1	2.068856E+0
4.840000	4.349461E+1	2.121606E+0
4.845000	4.220001E+1	2.018618E+0
4.850000	3.662331E+1	1.935725E+0
4.855000	3.293870E+1	1.827714E+0
4.860000	3.283911E+1	1.742309E+0
4.865000	2.646573E+1	1.641833E+0
4.870000	2.606740E+1	1.551405E+0
4.875000	2.327904E+1	1.468512E+0
4.880000	2.407572E+1	1.363013E+0
4.885000	2.168570E+1	1.275096E+0
4.890000	2.158612E+1	1.184668E+0
4.895000	2.098861E+1	1.091728E+0
4.900000	2.477281E+1	1.003811E+0
4.905000	2.447405E+1	9.108711E-1
4.910000	2.467322E+1	8.154190E-1
4.915000	2.865658E+1	7.325264E-1
4.920000	3.552788E+1	6.270267E-1
4.925000	3.861499E+1	5.491579E-1
4.930000	4.429128E+1	4.511939E-1
4.935000	4.279752E+1	3.607656E-1
4.940000	5.753596E+1	2.728492E-1
4.945000	4.917090E+1	1.748851E-1
4.950000	6.141973E+1	9.450443E-2
4.955000	6.301308E+1	-1.350716E-2
4.960000	6.151932E+1	-9.137599E-2
4.965000	7.207523E+1	-1.893400E-1
4.970000	6.789270E+1	-2.747445E-1
4.975000	7.456483E+1	-3.651728E-1
4.980000	8.083862E+1	-4.556011E-1
4.985000	8.024112E+1	-5.435175E-1
4.990000	8.153571E+1	-6.339458E-1
4.995000	8.093821E+1	-7.168385E-1
5.000000	8.223280E+1	-8.198263E-1

