date/time: ,08/11/2023,03:01 p.m.
Run 1

time	(LX)	(V)
0,000000	7,018313E+1	-5,887317E-1
0,005000	6,659811E+1	-6,640886E-1
0,010000	7,635734E+1	-7,268861E-1
0,015000	6,420809E+1	-7,871716E-1
0,020000	7,486358E+1	-8,600166E-1
0,025000	7,267273E+1	-9,278379E-1
0,030000	7,506275E+1	-9,881234E-1
0,035000	7,317065E+1	-1,058457E+0
0,040000	7,506275E+1	-1,131302E+0
0,045000	6,619977E+1	-1,189075E+0
0,050000	6,610018E+1	-1,259408E+0
0,055000	7,117897E+1	-1,329741E+0
0,060000	5,843221E+1	-1,390027E+0
0,065000	7,018313E+1	-1,460360E+0
0,070000	6,072265E+1	-1,535717E+0
0,075000	5,902972E+1	-1,593491E+0
0,080000	6,898812E+1	-1,658800E+0
0,085000	5,156091E+1	-1,731645E+0
0,090000	6,082223E+1	-1,789419E+0
0,095000	5,176008E+1	-1,852216E+0
0,100000	5,126216E+1	-1,925061E+0
0,105000	5,385135E+1	-1,992882E+0
0,110000	4,299669E+1	-2,058192E+0
0,115000	5,096341E+1	-2,120989E+0
0,120000	4,508795E+1	-2,191322E+0
0,125000	4,160251E+1	-2,254120E+0
0,130000	4,180168E+1	-2,314405E+0
0,135000	3,831624E+1	-2,387250E+0
0,140000	4,150293E+1	-2,445024E+0
0,145000	3,562747E+1	-2,505309E+0
0,150000	3,642414E+1	-2,575643E+0
0,155000	4,080584E+1	-2,643464E+0
0,160000	3,602580E+1	-2,613321E+0
0,165000	3,911291E+1	-2,540476E+0
0,170000	3,891374E+1	-2,465119E+0
0,175000	4,020833E+1	-2,384738E+0
0,180000	4,379336E+1	-2,304358E+0
0,185000	4,369377E+1	-2,236536E+0
0,190000	4,239918E+1	-2,161180E+0
0,195000	4,488878E+1	-2,078287E+0
0,200000	4,478920E+1	-2,000418E+0
0,205000	5,106299E+1	-1,922549E+0
0,210000	4,946965E+1	-1,849704E+0
0,215000	5,644053E+1	-1,761788E+0
0,220000	5,454844E+1	-1,681407E+0
0,225000	5,922889E+1	-1,606050E+0
0,230000	6,102140E+1	-1,538229E+0
0,235000	6,351100E+1	-1,450313E+0
0,240000	6,460642E+1	-1,369932E+0
0,245000	6,829103E+1	-1,299599E+0
0,250000	6,371017E+1	-1,224242E+0
0,255000	7,167689E+1	-1,138837E+0
0,260000	7,137814E+1	-1,053433E+0
0,265000	7,426608E+1	-9,755639E-1
0,270000	7,197564E+1	-9,027189E-1
0,275000	7,317065E+1	-8,248501E-1
0,280000	7,645693E+1	-7,444693E-1
0,285000	7,366857E+1	-6,590648E-1
0,290000	7,436566E+1	-5,887317E-1
0,295000	7,217481E+1	-5,083510E-1
0,300000	7,187606E+1	-4,229465E-1
0,305000	6,540310E+1	-3,501014E-1
0,310000	6,600060E+1	-2,772564E-1
0,315000	6,331183E+1	-1,893400E-1
0,320000	5,992597E+1	-1,064474E-1
0,325000	5,763554E+1	-3,109045E-2
0,330000	5,305467E+1	3,924268E-2
0,335000	5,693845E+1	1,296710E-1
0,340000	5,016674E+1	2,150755E-1
0,345000	4,498837E+1	2,803848E-1
0,350000	4,419169E+1	3,607656E-1
0,355000	4,269793E+1	4,386344E-1
0,360000	4,279752E+1	5,215270E-1
0,365000	3,562747E+1	6,069315E-1
0,370000	3,861499E+1	6,822884E-1
0,375000	3,642414E+1	7,676930E-1
0,380000	3,532871E+1	8,380261E-1
0,385000	3,502996E+1	9,259425E-1
0,390000	3,512955E+1	1,003811E+0
0,395000	3,582663E+1	1,081680E+0
0,400000	3,423329E+1	1,157037E+0
0,405000	3,313787E+1	1,242442E+0
0,410000	3,403412E+1	1,325334E+0
0,415000	3,831624E+1	1,403203E+0
0,420000	3,911291E+1	1,476048E+0
0,425000	3,522913E+1	1,566476E+0
0,430000	3,851540E+1	1,646857E+0
0,435000	4,220001E+1	1,724726E+0
0,440000	4,289710E+1	1,807619E+0
0,445000	4,419169E+1	1,895535E+0
0,450000	4,229960E+1	1,970892E+0
0,455000	5,106299E+1	2,043737E+0
0,460000	5,056507E+1	2,134165E+0
0,465000	5,235759E+1	2,096487E+0
0,470000	4,797589E+1	2,026154E+0
0,475000	4,688046E+1	1,948285E+0
0,480000	4,548629E+1	1,872928E+0
0,485000	4,140334E+1	1,800083E+0
0,490000	4,120417E+1	1,737285E+0
0,495000	4,200085E+1	1,674488E+0
0,500000	3,831624E+1	1,599131E+0
0,505000	3,881416E+1	1,526286E+0
0,510000	3,672289E+1	1,463489E+0
0,515000	3,771873E+1	1,400691E+0
0,520000	3,632455E+1	1,325334E+0
0,525000	3,552788E+1	1,252489E+0
0,530000	3,463163E+1	1,189692E+0
0,535000	3,652372E+1	1,126894E+0
0,540000	2,995118E+1	1,049025E+0
0,545000	3,473121E+1	9,761805E-1
0,550000	3,064826E+1	9,133830E-1
0,555000	3,771873E+1	8,530975E-1
0,560000	3,692206E+1	7,802524E-1
0,565000	3,313787E+1	7,074074E-1
0,570000	3,373537E+1	6,370743E-1
0,575000	3,672289E+1	5,742769E-1
0,580000	4,070625E+1	5,139913E-1
0,585000	3,871457E+1	4,411463E-1
0,590000	3,791790E+1	3,657894E-1
0,595000	4,239918E+1	3,055038E-1
0,600000	4,399253E+1	2,376826E-1
0,605000	4,757755E+1	1,698614E-1
0,610000	4,648213E+1	1,020401E-1
0,615000	5,066466E+1	2,919509E-2
0,620000	5,335343E+1	-3,109045E-2
0,625000	5,504636E+1	-9,388788E-2
0,630000	6,112098E+1	-1,667329E-1
0,635000	6,022473E+1	-2,395779E-1
0,640000	6,460642E+1	-2,998635E-1
0,645000	6,719561E+1	-3,651728E-1
0,650000	6,679727E+1	-4,304821E-1
0,655000	7,058147E+1	-5,033272E-1
0,660000	7,257315E+1	-5,786841E-1
0,665000	7,127856E+1	-6,364577E-1
0,670000	7,476400E+1	-6,967433E-1
0,675000	7,725360E+1	-7,721002E-1
0,680000	7,476400E+1	-8,424333E-1
0,685000	7,605859E+1	-9,052308E-1
0,690000	7,635734E+1	-9,655163E-1
0,695000	7,605859E+1	-1,038361E+0
0,700000	7,058147E+1	-1,113718E+0
0,705000	7,028271E+1	-1,166468E+0
0,710000	6,908771E+1	-1,239313E+0
0,715000	6,868937E+1	-1,302111E+0
0,720000	6,779311E+1	-1,369932E+0
0,725000	6,629935E+1	-1,442777E+0
0,730000	6,430767E+1	-1,503062E+0
0,735000	6,201724E+1	-1,568372E+0
0,740000	6,022473E+1	-1,641217E+0
0,745000	6,132015E+1	-1,701502E+0
0,750000	5,454844E+1	-1,769324E+0
0,755000	5,673928E+1	-1,842169E+0
0,760000	5,076424E+1	-1,894918E+0
0,765000	4,638254E+1	-1,972787E+0
0,770000	4,737838E+1	-2,030561E+0
0,775000	4,379336E+1	-2,095870E+0
0,780000	4,429128E+1	-2,166203E+0
0,785000	4,220001E+1	-2,221465E+0
0,790000	3,981000E+1	-2,294310E+0
0,795000	3,971041E+1	-2,357108E+0
0,800000	3,990958E+1	-2,419905E+0
0,805000	3,861499E+1	-2,490238E+0
0,810000	3,512955E+1	-2,563083E+0
0,815000	3,572705E+1	-2,620857E+0
0,820000	3,463163E+1	-2,643464E+0
0,825000	3,662331E+1	-2,568107E+0
0,830000	3,652372E+1	-2,492750E+0
0,835000	3,682248E+1	-2,409857E+0
0,840000	3,831624E+1	-2,342036E+0
0,845000	4,020833E+1	-2,256632E+0
0,850000	4,140334E+1	-2,173739E+0
0,855000	4,389294E+1	-2,108430E+0
0,860000	4,120417E+1	-2,020513E+0
0,865000	4,847381E+1	-1,945156E+0
0,870000	5,295509E+1	-1,877335E+0
0,875000	5,813346E+1	-1,789419E+0
0,880000	5,783471E+1	-1,714062E+0
0,885000	5,424968E+1	-1,643729E+0
0,890000	6,102140E+1	-1,558324E+0
0,895000	5,982639E+1	-1,480455E+0
0,900000	6,759395E+1	-1,397563E+0
0,905000	6,789270E+1	-1,319694E+0
0,910000	6,390934E+1	-1,236801E+0
0,915000	6,968521E+1	-1,163956E+0
0,920000	7,336982E+1	-1,091111E+0
0,925000	7,526192E+1	-1,010730E+0
0,930000	7,635734E+1	-9,303498E-1
0,935000	7,426608E+1	-8,600166E-1
0,940000	7,456483E+1	-7,670764E-1
0,945000	7,336982E+1	-6,942314E-1
0,950000	7,526192E+1	-6,188745E-1
0,955000	7,456483E+1	-5,334699E-1
0,960000	7,655651E+1	-4,505773E-1
0,965000	6,988438E+1	-3,752204E-1
0,970000	6,948604E+1	-3,023754E-1
0,975000	6,809187E+1	-2,194828E-1
0,980000	6,221641E+1	-1,340782E-1
0,985000	6,430767E+1	-6,876891E-2
0,990000	5,424968E+1	1,663561E-2
0,995000	5,335343E+1	1,045520E-1
1,000000	4,966882E+1	1,799089E-1
1,005000	4,658171E+1	2,552659E-1
1,010000	4,658171E+1	3,431823E-1
1,015000	4,299669E+1	4,110035E-1
1,020000	4,190126E+1	5,039437E-1
1,025000	3,552788E+1	5,767888E-1
1,030000	3,642414E+1	6,496338E-1
1,035000	3,562747E+1	7,425740E-1
1,040000	3,263995E+1	8,154190E-1
1,045000	3,034951E+1	8,882640E-1
1,050000	3,174369E+1	9,736686E-1
1,055000	3,064826E+1	1,061585E+0
1,060000	3,044910E+1	1,129406E+0
1,065000	3,403412E+1	1,214811E+0
1,070000	3,303828E+1	1,300215E+0
1,075000	3,393454E+1	1,375572E+0
1,080000	3,303828E+1	1,453441E+0
1,085000	3,263995E+1	1,543869E+0
1,090000	3,761915E+1	1,616714E+0
1,095000	3,413371E+1	1,697095E+0
1,100000	3,542830E+1	1,785011E+0
1,105000	4,269793E+1	1,857856E+0
1,110000	3,841582E+1	1,935725E+0
1,115000	4,668130E+1	2,023642E+0
1,120000	4,618338E+1	2,106534E+0
1,125000	4,429128E+1	2,109046E+0
1,130000	5,345301E+1	2,043737E+0
1,135000	4,369377E+1	1,970892E+0
1,140000	4,668130E+1	1,895535E+0
1,145000	4,309627E+1	1,837761E+0
1,150000	3,473121E+1	1,764916E+0
1,155000	4,468961E+1	1,694583E+0
1,160000	3,562747E+1	1,631786E+0
1,165000	3,951124E+1	1,556429E+0
1,170000	3,582663E+1	1,483584E+0
1,175000	3,602580E+1	1,423298E+0
1,180000	3,433287E+1	1,345429E+0
1,185000	3,512955E+1	1,280120E+0
1,190000	3,522913E+1	1,214811E+0
1,195000	3,821665E+1	1,139454E+0
1,200000	3,532871E+1	1,081680E+0
1,205000	3,572705E+1	1,008835E+0
1,210000	3,463163E+1	9,410139E-1
1,215000	3,801748E+1	8,807283E-1
1,220000	3,453204E+1	7,978357E-1
1,225000	3,811707E+1	7,325264E-1
1,230000	3,473121E+1	6,722409E-1
1,235000	4,468961E+1	5,993958E-1
1,240000	4,857339E+1	5,265508E-1
1,245000	3,751956E+1	4,637534E-1
1,250000	4,439086E+1	3,984440E-1
1,255000	4,717922E+1	3,205752E-1
1,260000	4,787630E+1	2,628016E-1
1,265000	4,558587E+1	2,000041E-1
1,270000	4,279752E+1	1,296710E-1
1,275000	4,787630E+1	5,933786E-2
1,280000	5,932847E+1	-8,483368E-3
1,285000	6,122057E+1	-8,384029E-2
1,290000	6,141973E+1	-1,340782E-1
1,295000	6,361058E+1	-2,119471E-1
1,300000	7,217481E+1	-2,822802E-1
1,305000	6,988438E+1	-3,450776E-1
1,310000	6,779311E+1	-4,179227E-1
1,315000	6,470601E+1	-4,731844E-1
1,320000	7,038230E+1	-5,485413E-1
1,325000	7,257315E+1	-6,138507E-1
1,330000	7,197564E+1	-6,791600E-1
1,335000	7,526192E+1	-7,469812E-1
1,340000	7,287190E+1	-8,072668E-1
1,345000	7,317065E+1	-8,901594E-1
1,350000	7,516233E+1	-9,403973E-1
1,355000	7,028271E+1	-1,015754E+0
1,360000	7,177648E+1	-1,081064E+0
1,365000	7,068105E+1	-1,141349E+0
1,370000	6,998396E+1	-1,209170E+0
1,375000	7,237398E+1	-1,282015E+0
1,380000	6,102140E+1	-1,344813E+0
1,385000	6,281391E+1	-1,415146E+0
1,390000	6,390934E+1	-1,480455E+0
1,395000	6,062306E+1	-1,548277E+0
1,400000	6,042389E+1	-1,618610E+0
1,405000	5,106299E+1	-1,683919E+0
1,410000	5,215842E+1	-1,739181E+0
1,415000	5,922889E+1	-1,814538E+0
1,420000	4,727880E+1	-1,877335E+0
1,425000	4,598421E+1	-1,947668E+0
1,430000	4,190126E+1	-2,002930E+0
1,435000	4,060667E+1	-2,070751E+0
1,440000	4,229960E+1	-2,141084E+0
1,445000	3,961083E+1	-2,203882E+0
1,450000	3,951124E+1	-2,271703E+0
1,455000	4,060667E+1	-2,329477E+0
1,460000	3,751956E+1	-2,404834E+0
1,465000	4,120417E+1	-2,465119E+0
1,470000	3,393454E+1	-2,522893E+0
1,475000	3,851540E+1	-2,603273E+0
1,480000	3,732040E+1	-2,656023E+0
1,485000	3,313787E+1	-2,598250E+0
1,490000	3,632455E+1	-2,515357E+0
1,495000	3,433287E+1	-2,437488E+0
1,500000	3,941166E+1	-2,362131E+0
1,505000	3,861499E+1	-2,281751E+0
1,510000	3,931208E+1	-2,206394E+0
1,515000	4,588462E+1	-2,131037E+0
1,520000	4,229960E+1	-2,053168E+0
1,525000	4,887214E+1	-1,982835E+0
1,530000	4,459003E+1	-1,897430E+0
1,535000	4,648213E+1	-1,824585E+0
1,540000	5,693845E+1	-1,746716E+0
1,545000	4,737838E+1	-1,658800E+0
1,550000	5,405052E+1	-1,588467E+0
1,555000	5,345301E+1	-1,500550E+0
1,560000	5,225800E+1	-1,435241E+0
1,565000	6,022473E+1	-1,352349E+0
1,570000	6,301308E+1	-1,274480E+0
1,575000	6,659811E+1	-1,196611E+0
1,580000	6,092181E+1	-1,116230E+0
1,585000	6,590102E+1	-1,040873E+0
1,590000	7,456483E+1	-9,529568E-1
1,595000	7,336982E+1	-8,851356E-1
1,600000	7,247356E+1	-7,997311E-1
1,605000	7,287190E+1	-7,143266E-1
1,610000	7,287190E+1	-6,490172E-1
1,615000	6,888854E+1	-5,661246E-1
1,620000	7,008355E+1	-4,782082E-1
1,625000	7,088022E+1	-4,128989E-1
1,630000	7,486358E+1	-3,274944E-1
1,635000	7,566025E+1	-2,420898E-1
1,640000	5,982639E+1	-1,692448E-1
1,645000	5,524552E+1	-9,137599E-2
1,650000	5,564386E+1	-3,459573E-3
1,655000	5,634095E+1	6,687356E-2
1,660000	5,793429E+1	1,497662E-1
1,665000	4,986799E+1	2,301469E-1
1,670000	4,618338E+1	3,004800E-1
1,675000	4,717922E+1	3,934202E-1
1,680000	3,921249E+1	4,612415E-1
1,685000	4,170209E+1	5,516698E-1
1,690000	4,070625E+1	6,194910E-1
1,695000	4,170209E+1	7,074074E-1
1,700000	3,931208E+1	7,852762E-1
1,705000	3,473121E+1	8,606332E-1
1,710000	3,343662E+1	9,535734E-1
1,715000	3,512955E+1	1,023907E+0
1,720000	3,712123E+1	1,104287E+0
1,725000	3,473121E+1	1,184668E+0
1,730000	3,672289E+1	1,260025E+0
1,735000	3,572705E+1	1,350453E+0
1,740000	3,971041E+1	1,420786E+0
1,745000	4,140334E+1	1,506191E+0
1,750000	3,751956E+1	1,594107E+0
1,755000	3,971041E+1	1,661928E+0
1,760000	4,150293E+1	1,752357E+0
1,765000	4,000916E+1	1,832738E+0
1,770000	4,478920E+1	1,908094E+0
1,775000	4,299669E+1	2,003547E+0
1,780000	4,419169E+1	2,073880E+0
1,785000	5,086383E+1	2,141701E+0
1,790000	4,389294E+1	2,076392E+0
1,795000	4,827464E+1	2,001035E+0
1,800000	4,797589E+1	1,923166E+0
1,805000	4,449045E+1	1,857856E+0
1,810000	4,269793E+1	1,795059E+0
1,815000	4,020833E+1	1,717190E+0
1,820000	4,020833E+1	1,644345E+0
1,825000	3,712123E+1	1,586572E+0
1,830000	3,572705E+1	1,516238E+0
1,835000	3,791790E+1	1,435858E+0
1,840000	3,622497E+1	1,375572E+0
1,845000	3,811707E+1	1,310263E+0
1,850000	3,562747E+1	1,237418E+0
1,855000	3,751956E+1	1,169597E+0
1,860000	3,771873E+1	1,109311E+0
1,865000	3,403412E+1	1,031442E+0
1,870000	3,393454E+1	9,611091E-1
1,875000	3,741998E+1	8,932878E-1
1,880000	3,652372E+1	8,330023E-1
1,885000	3,572705E+1	7,576454E-1
1,890000	3,612539E+1	6,873122E-1
1,895000	4,020833E+1	6,270267E-1
1,900000	4,110459E+1	5,667412E-1
1,905000	4,170209E+1	4,888723E-1
1,910000	4,289710E+1	4,135154E-1
1,915000	4,588462E+1	3,532299E-1
1,920000	4,449045E+1	2,854086E-1
1,925000	4,797589E+1	2,100517E-1
1,930000	5,006715E+1	1,497662E-1
1,935000	5,345301E+1	9,199253E-2
1,940000	5,574344E+1	1,663561E-2
1,945000	5,424968E+1	-5,620942E-2
1,950000	5,982639E+1	-1,114712E-1
1,955000	6,500476E+1	-1,843162E-1
1,960000	6,351100E+1	-2,546493E-1
1,965000	6,550268E+1	-3,199587E-1
1,970000	6,699644E+1	-3,827561E-1
1,975000	7,018313E+1	-4,631368E-1
1,980000	6,878895E+1	-5,234224E-1
1,985000	6,898812E+1	-5,837079E-1
1,990000	7,167689E+1	-6,540410E-1
1,995000	7,257315E+1	-7,268861E-1
2,000000	7,267273E+1	-7,896835E-1
2,005000	7,078063E+1	-8,474571E-1
2,010000	7,038230E+1	-9,203022E-1
2,015000	7,386774E+1	-9,956591E-1
2,020000	7,127856E+1	-1,055945E+0
2,025000	6,699644E+1	-1,116230E+0
2,030000	7,058147E+1	-1,186563E+0
2,035000	6,560226E+1	-1,264432E+0
2,040000	6,380975E+1	-1,322206E+0
2,045000	6,311266E+1	-1,387515E+0
2,050000	5,823305E+1	-1,460360E+0
2,055000	6,460642E+1	-1,518134E+0
2,060000	5,315426E+1	-1,583443E+0
2,065000	5,554428E+1	-1,658800E+0
2,070000	5,703804E+1	-1,724109E+0
2,075000	5,225800E+1	-1,786907E+0
2,080000	5,992597E+1	-1,852216E+0
2,085000	4,608379E+1	-1,925061E+0
2,090000	4,220001E+1	-1,982835E+0
2,095000	4,478920E+1	-2,048144E+0
2,100000	4,090542E+1	-2,120989E+0
2,105000	4,578504E+1	-2,181275E+0
2,110000	3,831624E+1	-2,241560E+0
2,115000	3,881416E+1	-2,309381E+0
2,120000	4,010875E+1	-2,382227E+0
2,125000	3,273953E+1	-2,440000E+0
2,130000	4,060667E+1	-2,502798E+0
2,135000	3,732040E+1	-2,575643E+0
2,140000	3,273953E+1	-2,645976E+0
2,145000	3,582663E+1	-2,623369E+0
2,150000	3,502996E+1	-2,542988E+0
2,155000	3,861499E+1	-2,467631E+0
2,160000	3,572705E+1	-2,402322E+0
2,165000	3,801748E+1	-2,314405E+0
2,170000	3,851540E+1	-2,239048E+0
2,175000	4,100501E+1	-2,166203E+0
2,180000	4,180168E+1	-2,075775E+0
2,185000	4,329544E+1	-2,005442E+0
2,190000	4,269793E+1	-1,932597E+0
2,195000	5,205883E+1	-1,842169E+0
2,200000	5,036591E+1	-1,771835E+0
2,205000	5,464802E+1	-1,698990E+0
2,210000	5,932847E+1	-1,618610E+0
2,215000	5,494677E+1	-1,533205E+0
2,220000	6,241558E+1	-1,457848E+0
2,225000	6,062306E+1	-1,387515E+0
2,230000	6,291350E+1	-1,304622E+0
2,235000	6,908771E+1	-1,224242E+0
2,240000	6,331183E+1	-1,138837E+0
2,245000	7,297148E+1	-1,065992E+0
2,250000	7,078063E+1	-9,956591E-1
2,255000	7,516233E+1	-9,077427E-1
2,260000	7,257315E+1	-8,323857E-1
2,265000	7,207523E+1	-7,570288E-1
2,270000	7,197564E+1	-6,741362E-1
2,275000	7,267273E+1	-5,887317E-1
2,280000	7,127856E+1	-5,158867E-1
2,285000	7,257315E+1	-4,380178E-1
2,290000	7,147772E+1	-3,526133E-1
2,295000	6,898812E+1	-2,772564E-1
2,300000	6,649852E+1	-1,968757E-1
2,305000	6,530351E+1	-1,114712E-1
2,310000	5,853180E+1	-4,113804E-2
2,315000	6,072265E+1	3,673079E-2
2,320000	5,673928E+1	1,246472E-1
2,325000	4,986799E+1	1,974922E-1
2,330000	5,245717E+1	2,703373E-1
2,335000	4,827464E+1	3,557418E-1
2,340000	4,538670E+1	4,411463E-1
2,345000	4,080584E+1	5,114794E-1
2,350000	4,040750E+1	5,993958E-1
2,355000	4,060667E+1	6,747528E-1
2,360000	3,811707E+1	7,551335E-1
2,365000	3,881416E+1	8,405380E-1
2,370000	3,582663E+1	9,083592E-1
2,375000	4,269793E+1	9,937637E-1
2,380000	3,393454E+1	1,074144E+0
2,385000	3,552788E+1	1,149501E+0
2,390000	3,612539E+1	1,234906E+0
2,395000	3,951124E+1	1,315287E+0
2,400000	3,841582E+1	1,395667E+0
2,405000	3,502996E+1	1,476048E+0
2,410000	3,871457E+1	1,561453E+0
2,415000	4,000916E+1	1,639321E+0
2,420000	4,239918E+1	1,717190E+0
2,425000	4,110459E+1	1,802595E+0
2,430000	4,050708E+1	1,872928E+0
2,435000	4,658171E+1	1,965868E+0
2,440000	4,369377E+1	2,046249E+0
2,445000	4,648213E+1	2,126630E+0
2,450000	4,986799E+1	2,101511E+0
2,455000	4,429128E+1	2,026154E+0
2,460000	4,429128E+1	1,953309E+0
2,465000	4,060667E+1	1,890511E+0
2,470000	4,160251E+1	1,810130E+0
2,475000	4,150293E+1	1,747333E+0
2,480000	4,150293E+1	1,682024E+0
2,485000	3,821665E+1	1,599131E+0
2,490000	3,941166E+1	1,538845E+0
2,495000	3,652372E+1	1,468512E+0
2,500000	3,672289E+1	1,400691E+0
2,505000	3,751956E+1	1,335382E+0
2,510000	3,801748E+1	1,262537E+0
2,515000	3,642414E+1	1,187180E+0
2,520000	3,512955E+1	1,134430E+0
2,525000	3,224161E+1	1,056561E+0
2,530000	3,532871E+1	9,837161E-1
2,535000	3,741998E+1	9,309663E-1
2,540000	3,632455E+1	8,530975E-1
2,545000	3,542830E+1	7,852762E-1
2,550000	3,791790E+1	7,249907E-1
2,555000	4,060667E+1	6,496338E-1
2,560000	4,150293E+1	5,818125E-1
2,565000	3,891374E+1	5,190151E-1
2,570000	3,831624E+1	4,486820E-1
2,575000	4,737838E+1	3,733251E-1
2,580000	4,618338E+1	3,180633E-1
2,585000	4,698005E+1	2,477302E-1
2,590000	4,966882E+1	1,723733E-1
2,595000	5,066466E+1	1,120877E-1
2,600000	5,912930E+1	4,929027E-2
2,605000	5,454844E+1	-3,109045E-2
2,610000	5,912930E+1	-9,388788E-2
2,615000	6,699644E+1	-1,566853E-1
2,620000	6,271433E+1	-2,345541E-1
2,625000	6,619977E+1	-2,948397E-1
2,630000	6,490518E+1	-3,526133E-1
2,635000	7,157731E+1	-4,229465E-1
2,640000	7,237398E+1	-4,932796E-1
2,645000	6,958563E+1	-5,535651E-1
2,650000	7,088022E+1	-6,289221E-1
2,655000	7,416649E+1	-6,992552E-1
2,660000	6,789270E+1	-7,645645E-1
2,665000	6,868937E+1	-8,273620E-1
2,670000	7,088022E+1	-9,002070E-1
2,675000	7,167689E+1	-9,655163E-1
2,680000	6,948604E+1	-1,020778E+0
2,685000	6,659811E+1	-1,098647E+0
2,690000	7,088022E+1	-1,166468E+0
2,695000	6,908771E+1	-1,224242E+0
2,700000	6,012514E+1	-1,299599E+0
2,705000	6,251516E+1	-1,362396E+0
2,710000	5,833263E+1	-1,427705E+0
2,715000	5,982639E+1	-1,500550E+0
2,720000	5,504636E+1	-1,563348E+0
2,725000	5,195925E+1	-1,628657E+0
2,730000	5,554428E+1	-1,701502E+0
2,735000	5,066466E+1	-1,754252E+0
2,740000	4,717922E+1	-1,829609E+0
2,745000	4,707963E+1	-1,897430E+0
2,750000	4,638254E+1	-1,955204E+0
2,755000	4,847381E+1	-2,015489E+0
2,760000	4,369377E+1	-2,088335E+0
2,765000	4,249877E+1	-2,161180E+0
2,770000	4,269793E+1	-2,216441E+0
2,775000	3,791790E+1	-2,286774E+0
2,780000	4,030792E+1	-2,354596E+0
2,785000	3,612539E+1	-2,414881E+0
2,790000	3,702164E+1	-2,475167E+0
2,795000	4,030792E+1	-2,545500E+0
2,800000	3,463163E+1	-2,618345E+0
2,805000	3,542830E+1	-2,661047E+0
2,810000	3,662331E+1	-2,580666E+0
2,815000	3,791790E+1	-2,507821E+0
2,820000	3,751956E+1	-2,424929E+0
2,825000	3,542830E+1	-2,342036E+0
2,830000	4,190126E+1	-2,261655E+0
2,835000	4,110459E+1	-2,183787E+0
2,840000	4,130376E+1	-2,113453E+0
2,845000	4,518754E+1	-2,043120E+0
2,850000	4,389294E+1	-1,965252E+0
2,855000	4,717922E+1	-1,879847E+0
2,860000	4,767714E+1	-1,799466E+0
2,865000	4,548629E+1	-1,719086E+0
2,870000	5,564386E+1	-1,643729E+0
2,875000	5,245717E+1	-1,570884E+0
2,880000	5,644053E+1	-1,493015E+0
2,885000	5,564386E+1	-1,417658E+0
2,890000	5,723720E+1	-1,329741E+0
2,895000	7,187606E+1	-1,249361E+0
2,900000	6,390934E+1	-1,176516E+0
2,905000	6,829103E+1	-1,106183E+0
2,910000	6,789270E+1	-1,020778E+0
2,915000	7,058147E+1	-9,378854E-1
2,920000	7,177648E+1	-8,575047E-1
2,925000	6,779311E+1	-7,896835E-1
2,930000	7,456483E+1	-7,042790E-1
2,935000	7,705443E+1	-6,163626E-1
2,940000	7,257315E+1	-5,460294E-1
2,945000	6,570185E+1	-4,656487E-1
2,950000	7,356899E+1	-3,827561E-1
2,955000	6,679727E+1	-3,124230E-1
2,960000	6,938646E+1	-2,345541E-1
2,965000	6,779311E+1	-1,491496E-1
2,970000	5,046549E+1	-7,379270E-2
2,975000	6,530351E+1	4,076120E-3
2,980000	5,514594E+1	9,450443E-2
2,985000	5,375176E+1	1,698614E-1
2,990000	5,325384E+1	2,427064E-1
2,995000	4,229960E+1	3,281109E-1
3,000000	5,424968E+1	4,110035E-1
3,005000	4,269793E+1	4,888723E-1
3,010000	3,911291E+1	5,592055E-1
3,015000	4,478920E+1	6,471219E-1
3,020000	3,512955E+1	7,224788E-1
3,025000	3,961083E+1	7,978357E-1
3,030000	3,483079E+1	8,857521E-1
3,035000	3,562747E+1	9,711567E-1
3,040000	3,572705E+1	1,046514E+0
3,045000	3,572705E+1	1,124382E+0
3,050000	3,562747E+1	1,212299E+0
3,055000	3,881416E+1	1,277608E+0
3,060000	3,572705E+1	1,363013E+0
3,065000	3,732040E+1	1,445905E+0
3,070000	4,239918E+1	1,518750E+0
3,075000	4,150293E+1	1,614202E+0
3,080000	3,941166E+1	1,689559E+0
3,085000	4,269793E+1	1,764916E+0
3,090000	4,289710E+1	1,852833E+0
3,095000	4,698005E+1	1,933213E+0
3,100000	4,369377E+1	2,006058E+0
3,105000	4,598421E+1	2,093975E+0
3,110000	4,986799E+1	2,129141E+0
3,115000	4,429128E+1	2,046249E+0
3,120000	4,767714E+1	1,978428E+0
3,125000	3,990958E+1	1,913118E+0
3,130000	4,349461E+1	1,837761E+0
3,135000	4,419169E+1	1,772452E+0
3,140000	3,990958E+1	1,707143E+0
3,145000	4,190126E+1	1,626762E+0
3,150000	3,941166E+1	1,561453E+0
3,155000	4,000916E+1	1,496143E+0
3,160000	4,030792E+1	1,418274E+0
3,165000	3,552788E+1	1,357989E+0
3,170000	3,821665E+1	1,290168E+0
3,175000	3,652372E+1	1,214811E+0
3,180000	3,592622E+1	1,152013E+0
3,185000	3,632455E+1	1,084192E+0
3,190000	3,532871E+1	1,008835E+0
3,195000	3,801748E+1	9,535734E-1
3,200000	3,612539E+1	8,782165E-1
3,205000	3,692206E+1	8,129071E-1
3,210000	3,732040E+1	7,425740E-1
3,215000	3,971041E+1	6,697290E-1
3,220000	3,781832E+1	6,069315E-1
3,225000	4,269793E+1	5,416222E-1
3,230000	4,000916E+1	4,813366E-1
3,235000	4,389294E+1	3,984440E-1
3,240000	4,847381E+1	3,406704E-1
3,245000	4,259835E+1	2,728492E-1
3,250000	5,504636E+1	1,974922E-1
3,255000	5,156091E+1	1,321829E-1
3,260000	4,976840E+1	7,440925E-2
3,265000	6,281391E+1	-9,476753E-4
3,270000	5,564386E+1	-6,625701E-2
3,275000	6,251516E+1	-1,290544E-1
3,280000	6,171849E+1	-1,993876E-1
3,285000	6,151932E+1	-2,747445E-1
3,290000	6,749436E+1	-3,375419E-1
3,295000	6,351100E+1	-4,053632E-1
3,300000	7,048188E+1	-4,756963E-1
3,305000	6,679727E+1	-5,334699E-1
3,310000	7,078063E+1	-6,063150E-1
3,315000	6,948604E+1	-6,816719E-1
3,320000	7,048188E+1	-7,319098E-1
3,325000	6,769353E+1	-8,072668E-1
3,330000	7,088022E+1	-8,700642E-1
3,335000	7,157731E+1	-9,278379E-1
3,340000	6,600060E+1	-1,010730E+0
3,345000	6,560226E+1	-1,068504E+0
3,350000	6,400892E+1	-1,138837E+0
3,355000	6,371017E+1	-1,214194E+0
3,360000	6,570185E+1	-1,266944E+0
3,365000	5,683887E+1	-1,339789E+0
3,370000	5,803388E+1	-1,402586E+0
3,375000	5,574344E+1	-1,470408E+0
3,380000	5,843221E+1	-1,540741E+0
3,385000	5,564386E+1	-1,598514E+0
3,390000	5,066466E+1	-1,666336E+0
3,395000	4,847381E+1	-1,731645E+0
3,400000	4,887214E+1	-1,799466E+0
3,405000	4,668130E+1	-1,869799E+0
3,410000	4,897173E+1	-1,930085E+0
3,415000	4,548629E+1	-2,005442E+0
3,420000	4,478920E+1	-2,065727E+0
3,425000	4,249877E+1	-2,128525E+0
3,430000	4,160251E+1	-2,201370E+0
3,435000	4,419169E+1	-2,259144E+0
3,440000	4,030792E+1	-2,321941E+0
3,445000	3,901332E+1	-2,389762E+0
3,450000	4,110459E+1	-2,462607E+0
3,455000	3,602580E+1	-2,515357E+0
3,460000	3,483079E+1	-2,588202E+0
3,465000	3,592622E+1	-2,663559E+0
3,470000	3,612539E+1	-2,605785E+0
3,475000	3,881416E+1	-2,522893E+0
3,480000	3,831624E+1	-2,455072E+0
3,485000	3,821665E+1	-2,382227E+0
3,490000	3,861499E+1	-2,294310E+0
3,495000	4,010875E+1	-2,221465E+0
3,500000	4,150293E+1	-2,148620E+0
3,505000	4,389294E+1	-2,063216E+0
3,510000	4,688046E+1	-1,985347E+0
3,515000	4,449045E+1	-1,917525E+0
3,520000	4,668130E+1	-1,829609E+0
3,525000	4,678088E+1	-1,751740E+0
3,530000	5,016674E+1	-1,678895E+0
3,535000	5,146133E+1	-1,598514E+0
3,540000	5,345301E+1	-1,513110E+0
3,545000	5,345301E+1	-1,440265E+0
3,550000	5,803388E+1	-1,367420E+0
3,555000	5,982639E+1	-1,284527E+0
3,560000	6,102140E+1	-1,201635E+0
3,565000	6,122057E+1	-1,128790E+0
3,570000	6,400892E+1	-1,045897E+0
3,575000	6,649852E+1	-9,630044E-1
3,580000	7,068105E+1	-8,926713E-1
3,585000	7,097980E+1	-8,173144E-1
3,590000	7,018313E+1	-7,268861E-1
3,595000	7,207523E+1	-6,540410E-1
3,600000	7,078063E+1	-5,786841E-1
3,605000	6,988438E+1	-4,932796E-1
3,610000	7,117897E+1	-4,279703E-1
3,615000	6,938646E+1	-3,375419E-1
3,620000	6,938646E+1	-2,521374E-1
3,625000	6,390934E+1	-1,767805E-1
3,630000	6,171849E+1	-1,014236E-1
3,635000	6,480559E+1	-1,601906E-2
3,640000	5,683887E+1	5,682597E-2
3,645000	5,345301E+1	1,372067E-1
3,650000	5,395093E+1	2,226112E-1
3,655000	4,937007E+1	2,904324E-1
3,660000	5,305467E+1	3,758370E-1
3,665000	4,459003E+1	4,537058E-1
3,670000	4,449045E+1	5,315746E-1
3,675000	4,210043E+1	6,144672E-1
3,680000	3,871457E+1	6,948479E-1
3,685000	3,732040E+1	7,676930E-1
3,690000	3,582663E+1	8,581213E-1
3,695000	3,672289E+1	9,284544E-1
3,700000	3,532871E+1	1,013859E+0
3,705000	3,612539E+1	1,099263E+0
3,710000	3,981000E+1	1,167085E+0
3,715000	3,662331E+1	1,252489E+0
3,720000	3,493038E+1	1,332870E+0
3,725000	3,732040E+1	1,410739E+0
3,730000	4,269793E+1	1,498655E+0
3,735000	3,981000E+1	1,576524E+0
3,740000	4,170209E+1	1,651881E+0
3,745000	3,373537E+1	1,737285E+0
3,750000	4,399253E+1	1,817666E+0
3,755000	4,409211E+1	1,895535E+0
3,760000	5,225800E+1	1,978428E+0
3,765000	4,578504E+1	2,066344E+0
3,770000	3,891374E+1	2,141701E+0
3,775000	4,538670E+1	2,068856E+0
3,780000	4,797589E+1	2,006058E+0
3,785000	4,658171E+1	1,943261E+0
3,790000	4,309627E+1	1,865392E+0
3,795000	4,150293E+1	1,792547E+0
3,800000	4,110459E+1	1,727238E+0
3,805000	3,891374E+1	1,666952E+0
3,810000	3,702164E+1	1,594107E+0
3,815000	4,688046E+1	1,513727E+0
3,820000	3,732040E+1	1,453441E+0
3,825000	3,771873E+1	1,388132E+0
3,830000	4,160251E+1	1,312775E+0
3,835000	3,821665E+1	1,239930E+0
3,840000	3,682248E+1	1,172108E+0
3,845000	3,532871E+1	1,114335E+0
3,850000	3,662331E+1	1,044002E+0
3,855000	4,090542E+1	9,736686E-1
3,860000	4,707963E+1	9,083592E-1
3,865000	3,582663E+1	8,430499E-1
3,870000	3,931208E+1	7,601573E-1
3,875000	4,110459E+1	6,973598E-1
3,880000	3,861499E+1	6,395862E-1
3,885000	5,504636E+1	5,692531E-1
3,890000	3,761915E+1	4,938961E-1
3,895000	4,150293E+1	4,310987E-1
3,900000	5,912930E+1	3,708132E-1
3,905000	3,582663E+1	2,979681E-1
3,910000	6,301308E+1	2,251231E-1
3,915000	4,976840E+1	1,598138E-1
3,920000	4,319585E+1	9,450443E-2
3,925000	6,540310E+1	2,417130E-2
3,930000	5,116258E+1	-3,611424E-2
3,935000	6,839062E+1	-1,064474E-1
3,940000	5,295509E+1	-1,767805E-1
3,945000	5,176008E+1	-2,420898E-1
3,950000	6,699644E+1	-3,124230E-1
3,955000	5,703804E+1	-3,827561E-1
3,960000	6,868937E+1	-4,380178E-1
3,965000	6,590102E+1	-5,033272E-1
3,970000	6,540310E+1	-5,786841E-1
3,975000	6,769353E+1	-6,515291E-1
3,980000	6,709603E+1	-7,118147E-1
3,985000	6,261474E+1	-7,771240E-1
3,990000	6,809187E+1	-8,449452E-1
3,995000	6,898812E+1	-9,152784E-1
4,000000	5,863138E+1	-9,830996E-1
4,005000	6,968521E+1	-1,048409E+0
4,010000	6,141973E+1	-1,108694E+0
4,015000	6,132015E+1	-1,176516E+0
4,020000	6,839062E+1	-1,244337E+0
4,025000	5,116258E+1	-1,314670E+0
4,030000	6,679727E+1	-1,374956E+0
4,035000	5,036591E+1	-1,437753E+0
4,040000	5,136175E+1	-1,508086E+0
4,045000	6,281391E+1	-1,575907E+0
4,050000	4,757755E+1	-1,651264E+0
4,055000	6,002556E+1	-1,716574E+0
4,060000	4,937007E+1	-1,774347E+0
4,065000	4,429128E+1	-1,842169E+0
4,070000	5,146133E+1	-1,912502E+0
4,075000	4,130376E+1	-1,970275E+0
4,080000	5,405052E+1	-2,033073E+0
4,085000	3,990958E+1	-2,100894E+0
4,090000	4,050708E+1	-2,176251E+0
4,095000	4,807547E+1	-2,229001E+0
4,100000	3,582663E+1	-2,301846E+0
4,105000	4,100501E+1	-2,367155E+0
4,110000	3,951124E+1	-2,440000E+0
4,115000	3,891374E+1	-2,490238E+0
4,120000	3,911291E+1	-2,560571E+0
4,125000	3,244078E+1	-2,633416E+0
4,130000	3,751956E+1	-2,640952E+0
4,135000	3,493038E+1	-2,558059E+0
4,140000	3,473121E+1	-2,482702E+0
4,145000	4,210043E+1	-2,407345E+0
4,150000	3,652372E+1	-2,326965E+0
4,155000	4,459003E+1	-2,254120E+0
4,160000	3,901332E+1	-2,176251E+0
4,165000	4,130376E+1	-2,095870E+0
4,170000	4,817506E+1	-2,018001E+0
4,175000	4,170209E+1	-1,945156E+0
4,180000	4,907131E+1	-1,869799E+0
4,185000	4,498837E+1	-1,786907E+0
4,190000	4,847381E+1	-1,698990E+0
4,195000	5,385135E+1	-1,628657E+0
4,200000	4,737838E+1	-1,553300E+0
4,205000	5,584303E+1	-1,472920E+0
4,210000	5,574344E+1	-1,390027E+0
4,215000	5,793429E+1	-1,307134E+0
4,220000	6,141973E+1	-1,236801E+0
4,225000	5,504636E+1	-1,163956E+0
4,230000	6,420809E+1	-1,078552E+0
4,235000	6,520393E+1	-9,956591E-1
4,240000	6,480559E+1	-9,177903E-1
4,245000	6,610018E+1	-8,499690E-1
4,250000	6,809187E+1	-7,620526E-1
4,255000	7,078063E+1	-6,791600E-1
4,260000	6,689686E+1	-6,038031E-1
4,265000	6,639894E+1	-5,334699E-1
4,270000	6,550268E+1	-4,430416E-1
4,275000	6,948604E+1	-3,727085E-1
4,280000	6,400892E+1	-2,973516E-1
4,285000	6,331183E+1	-2,119471E-1
4,290000	6,311266E+1	-1,265426E-1
4,295000	5,992597E+1	-5,118563E-2
4,300000	6,211682E+1	1,914750E-2
4,305000	5,215842E+1	1,070639E-1
4,310000	5,524552E+1	1,874446E-1
4,315000	4,946965E+1	2,653135E-1
4,320000	4,548629E+1	3,507180E-1
4,325000	5,176008E+1	4,285868E-1
4,330000	4,150293E+1	4,964080E-1
4,335000	4,548629E+1	5,818125E-1
4,340000	3,941166E+1	6,697290E-1
4,345000	3,692206E+1	7,400621E-1
4,350000	4,239918E+1	8,204428E-1
4,355000	3,602580E+1	9,108711E-1
4,360000	3,582663E+1	9,812042E-1
4,365000	3,592622E+1	1,054049E+0
4,370000	3,702164E+1	1,144478E+0
4,375000	3,781832E+1	1,227370E+0
4,380000	3,801748E+1	1,295191E+0
4,385000	3,871457E+1	1,375572E+0
4,390000	3,891374E+1	1,458465E+0
4,395000	4,150293E+1	1,546381E+0
4,400000	3,821665E+1	1,621738E+0
4,405000	4,030792E+1	1,699607E+0
4,410000	4,140334E+1	1,787523E+0
4,415000	4,150293E+1	1,875440E+0
4,420000	4,409211E+1	1,955820E+0
4,425000	4,468961E+1	2,036201E+0
4,430000	4,927048E+1	2,114070E+0
4,435000	4,638254E+1	2,106534E+0
4,440000	4,389294E+1	2,043737E+0
4,445000	4,309627E+1	1,965868E+0
4,450000	4,548629E+1	1,895535E+0
4,455000	4,339502E+1	1,820178E+0
4,460000	4,379336E+1	1,749845E+0
4,465000	3,801748E+1	1,687047E+0
4,470000	4,020833E+1	1,624250E+0
4,475000	4,140334E+1	1,546381E+0
4,480000	3,751956E+1	1,473536E+0
4,485000	3,831624E+1	1,408227E+0
4,490000	3,662331E+1	1,347941E+0
4,495000	3,821665E+1	1,275096E+0
4,500000	3,891374E+1	1,204763E+0
4,505000	3,652372E+1	1,131918E+0
4,510000	3,662331E+1	1,069121E+0
4,515000	3,383495E+1	1,001299E+0
4,520000	3,463163E+1	9,334782E-1
4,525000	3,512955E+1	8,631451E-1
4,530000	3,971041E+1	7,953238E-1
4,535000	3,891374E+1	7,350383E-1
4,540000	3,871457E+1	6,546576E-1
4,545000	3,871457E+1	5,968839E-1
4,550000	3,981000E+1	5,315746E-1
4,555000	4,847381E+1	4,612415E-1
4,560000	4,269793E+1	3,883964E-1
4,565000	4,239918E+1	3,306228E-1
4,570000	4,508795E+1	2,577778E-1
4,575000	5,415010E+1	1,874446E-1
4,580000	5,912930E+1	1,246472E-1
4,585000	5,225800E+1	5,180217E-2
4,590000	5,693845E+1	-2,355475E-2
4,595000	5,544469E+1	-8,132840E-2
4,600000	5,912930E+1	-1,441258E-1
4,605000	6,410850E+1	-2,144590E-1
4,610000	6,629935E+1	-2,898159E-1
4,615000	6,321225E+1	-3,475895E-1
4,620000	5,992597E+1	-4,128989E-1
4,625000	6,480559E+1	-4,832320E-1
4,630000	6,908771E+1	-5,535651E-1
4,635000	6,759395E+1	-6,163626E-1
4,640000	6,868937E+1	-6,866957E-1
4,645000	6,699644E+1	-7,595407E-1
4,650000	7,127856E+1	-8,198263E-1
4,655000	6,619977E+1	-8,876475E-1
4,660000	6,729519E+1	-9,554687E-1
4,665000	6,410850E+1	-1,010730E+0
4,670000	6,699644E+1	-1,093623E+0
4,675000	6,082223E+1	-1,151397E+0
4,680000	5,902972E+1	-1,214194E+0
4,685000	6,251516E+1	-1,287039E+0
4,690000	6,301308E+1	-1,359884E+0
4,695000	5,524552E+1	-1,420170E+0
4,700000	5,305467E+1	-1,477943E+0
4,705000	5,056507E+1	-1,553300E+0
4,710000	5,484719E+1	-1,616098E+0
4,715000	5,614178E+1	-1,688943E+0
4,720000	5,016674E+1	-1,749228E+0
4,725000	4,618338E+1	-1,812026E+0
4,730000	4,508795E+1	-1,887383E+0
4,735000	4,827464E+1	-1,950180E+0
4,740000	4,797589E+1	-2,007954E+0
4,745000	4,498837E+1	-2,080799E+0
4,750000	4,449045E+1	-2,151132E+0
4,755000	4,190126E+1	-2,206394E+0
4,760000	4,130376E+1	-2,266679E+0
4,765000	4,110459E+1	-2,342036E+0
4,770000	4,130376E+1	-2,412369E+0
4,775000	3,811707E+1	-2,470143E+0
4,780000	3,473121E+1	-2,530428E+0
4,785000	3,353620E+1	-2,603273E+0
4,790000	3,761915E+1	-2,673607E+0
4,795000	3,702164E+1	-2,588202E+0
4,800000	3,662331E+1	-2,505309E+0
4,805000	3,383495E+1	-2,440000E+0
4,810000	3,672289E+1	-2,357108E+0
4,815000	4,190126E+1	-2,276727E+0
4,820000	4,538670E+1	-2,213929E+0
4,825000	4,259835E+1	-2,128525E+0
4,830000	4,229960E+1	-2,040608E+0
4,835000	4,369377E+1	-1,977811E+0
4,840000	4,658171E+1	-1,892406E+0
4,845000	4,369377E+1	-1,807002E+0
4,850000	5,524552E+1	-1,741693E+0
4,855000	5,793429E+1	-1,656288E+0
4,860000	4,717922E+1	-1,580931E+0
4,865000	5,275592E+1	-1,510598E+0
4,870000	5,375176E+1	-1,420170E+0
4,875000	5,663970E+1	-1,347325E+0
4,880000	6,331183E+1	-1,266944E+0
4,885000	5,295509E+1	-1,191587E+0
4,890000	6,530351E+1	-1,103671E+0
4,895000	6,371017E+1	-1,035849E+0
4,900000	6,480559E+1	-9,504449E-1
4,905000	6,659811E+1	-8,675523E-1
4,910000	6,689686E+1	-7,871716E-1
4,915000	7,008355E+1	-7,243742E-1
4,920000	7,028271E+1	-6,389696E-1
4,925000	6,600060E+1	-5,560770E-1
4,930000	6,550268E+1	-4,832320E-1
4,935000	6,639894E+1	-4,078751E-1
4,940000	6,530351E+1	-3,149349E-1
4,945000	6,649852E+1	-2,446017E-1
4,950000	6,530351E+1	-1,667329E-1
4,955000	5,942805E+1	-7,379270E-2
4,960000	6,102140E+1	-8,483368E-3
4,965000	5,405052E+1	7,440925E-2
4,970000	5,644053E+1	1,598138E-1
4,975000	5,434927E+1	2,326588E-1
4,980000	4,767714E+1	3,105276E-1
4,985000	4,897173E+1	3,959321E-1
4,990000	4,299669E+1	4,712891E-1
4,995000	4,349461E+1	5,441341E-1
5,000000	4,090542E+1	6,370743E-1

