date/time: .08/11/2023.02:56 p.m.
Run 1

time	(LX)	(V)
0.000000	4.668130E+1	6.220029E-1
0.005000	3.134535E+1	6.772647E-1
0.010000	3.642414E+1	7.300145E-1
0.015000	5.773512E+1	7.827643E-1
0.020000	2.935367E+1	8.430499E-1
0.025000	5.285551E+1	8.932878E-1
0.030000	4.937007E+1	9.485496E-1
0.035000	3.821665E+1	1.006323E+0
0.040000	6.132015E+1	1.061585E+0
0.045000	3.333703E+1	1.119359E+0
0.050000	7.058147E+1	1.179644E+0
0.055000	4.618338E+1	1.229882E+0
0.060000	4.827464E+1	1.292680E+0
0.065000	7.536150E+1	1.350453E+0
0.070000	3.413371E+1	1.403203E+0
0.075000	6.699644E+1	1.458465E+0
0.080000	7.506275E+1	1.511215E+0
0.085000	4.797589E+1	1.561453E+0
0.090000	7.237398E+1	1.611691E+0
0.095000	6.699644E+1	1.671976E+0
0.100000	6.978479E+1	1.732262E+0
0.105000	6.948604E+1	1.787523E+0
0.110000	7.177648E+1	1.847809E+0
0.115000	7.436566E+1	1.908094E+0
0.120000	7.237398E+1	1.953309E+0
0.125000	7.396732E+1	2.013594E+0
0.130000	7.237398E+1	2.066344E+0
0.135000	7.327024E+1	2.119094E+0
0.140000	7.924528E+1	2.179379E+0
0.145000	7.436566E+1	2.237153E+0
0.150000	6.510434E+1	2.294927E+0
0.155000	6.978479E+1	2.347676E+0
0.160000	6.301308E+1	2.405450E+0
0.165000	6.062306E+1	2.455688E+0
0.170000	6.839062E+1	2.510950E+0
0.175000	3.981000E+1	2.578771E+0
0.180000	7.585942E+1	2.639057E+0
0.185000	7.376816E+1	2.696830E+0
0.190000	3.702164E+1	2.747068E+0
0.195000	7.167689E+1	2.794794E+0
0.200000	3.373537E+1	2.857592E+0
0.205000	5.504636E+1	2.917877E+0
0.210000	7.496316E+1	2.968115E+0
0.215000	3.403412E+1	3.028401E+0
0.220000	7.426608E+1	3.078639E+0
0.225000	3.493038E+1	3.141436E+0
0.230000	3.622497E+1	3.201722E+0
0.235000	7.247356E+1	3.244424E+0
0.240000	3.891374E+1	3.194186E+0
0.245000	7.297148E+1	3.141436E+0
0.250000	4.190126E+1	3.083662E+0
0.255000	2.845742E+1	3.038448E+0
0.260000	6.440726E+1	2.993234E+0
0.265000	4.409211E+1	2.950532E+0
0.270000	6.739478E+1	2.902806E+0
0.275000	4.996757E+1	2.847544E+0
0.280000	3.074785E+1	2.799818E+0
0.285000	5.096341E+1	2.742044E+0
0.290000	4.210043E+1	2.699342E+0
0.295000	4.927048E+1	2.659152E+0
0.300000	4.628296E+1	2.603890E+0
0.305000	3.313787E+1	2.551140E+0
0.310000	3.841582E+1	2.503414E+0
0.315000	4.877256E+1	2.460712E+0
0.320000	4.678088E+1	2.418010E+0
0.325000	5.753596E+1	2.367772E+0
0.330000	4.508795E+1	2.315022E+0
0.335000	3.413371E+1	2.267296E+0
0.340000	4.299669E+1	2.209522E+0
0.345000	2.985159E+1	2.164308E+0
0.350000	4.927048E+1	2.116582E+0
0.355000	5.663970E+1	2.076392E+0
0.360000	3.871457E+1	2.036201E+0
0.365000	5.902972E+1	1.985963E+0
0.370000	3.741998E+1	1.933213E+0
0.375000	6.510434E+1	1.880464E+0
0.380000	4.807547E+1	1.830226E+0
0.385000	5.215842E+1	1.787523E+0
0.390000	4.528712E+1	1.744821E+0
0.395000	3.343662E+1	1.692071E+0
0.400000	7.575984E+1	1.639321E+0
0.405000	5.683887E+1	1.596619E+0
0.410000	3.562747E+1	1.551405E+0
0.415000	2.855700E+1	1.511215E+0
0.420000	3.204244E+1	1.455953E+0
0.425000	7.595901E+1	1.403203E+0
0.430000	7.665609E+1	1.363013E+0
0.435000	3.512955E+1	1.315287E+0
0.440000	3.831624E+1	1.272584E+0
0.445000	3.901332E+1	1.219835E+0
0.450000	7.476400E+1	1.174620E+0
0.455000	7.018313E+1	1.119359E+0
0.460000	3.453204E+1	1.079168E+0
0.465000	5.056507E+1	1.036466E+0
0.470000	4.459003E+1	9.837161E-1
0.475000	7.307107E+1	9.334782E-1
0.480000	6.341142E+1	8.907759E-1
0.485000	3.851540E+1	8.455618E-1
0.490000	6.380975E+1	7.953238E-1
0.495000	4.488878E+1	7.425740E-1
0.500000	5.733679E+1	6.998717E-1
0.505000	5.464802E+1	6.546576E-1
0.510000	4.070625E+1	6.119553E-1
0.515000	7.446524E+1	5.566936E-1
0.520000	3.672289E+1	5.139913E-1
0.525000	4.827464E+1	4.687772E-1
0.530000	4.389294E+1	4.135154E-1
0.535000	3.363579E+1	3.733251E-1
0.540000	6.849020E+1	3.281109E-1
0.545000	4.429128E+1	2.854086E-1
0.550000	4.568546E+1	2.326588E-1
0.555000	3.353620E+1	1.773970E-1
0.560000	3.901332E+1	1.296710E-1
0.565000	5.703804E+1	8.948063E-2
0.570000	5.086383E+1	5.180217E-2
0.575000	3.632455E+1	4.076120E-3
0.580000	2.975201E+1	-5.118563E-2
0.585000	4.429128E+1	-9.388788E-2
0.590000	4.269793E+1	-1.491496E-1
0.595000	5.245717E+1	-1.918519E-1
0.600000	2.995118E+1	-2.370660E-1
0.605000	3.024993E+1	-2.822802E-1
0.610000	5.305467E+1	-3.325181E-1
0.615000	3.463163E+1	-3.852680E-1
0.620000	5.424968E+1	-4.279703E-1
0.625000	2.825825E+1	-4.706725E-1
0.630000	3.363579E+1	-5.083510E-1
0.635000	4.946965E+1	-5.560770E-1
0.640000	3.144494E+1	-6.188745E-1
0.645000	6.560226E+1	-6.640886E-1
0.650000	3.263995E+1	-7.042790E-1
0.655000	4.508795E+1	-7.469812E-1
0.660000	6.102140E+1	-7.972192E-1
0.665000	2.955284E+1	-8.474571E-1
0.670000	7.177648E+1	-8.976951E-1
0.675000	4.319585E+1	-9.454211E-1
0.680000	4.578504E+1	-9.856115E-1
0.685000	5.893013E+1	-1.025802E+0
0.690000	4.508795E+1	-1.068504E+0
0.695000	7.078063E+1	-1.123766E+0
0.700000	3.971041E+1	-1.176516E+0
0.705000	6.012514E+1	-1.216706E+0
0.710000	6.779311E+1	-1.261920E+0
0.715000	4.986799E+1	-1.312158E+0
0.720000	7.496316E+1	-1.364908E+0
0.725000	5.215842E+1	-1.400075E+0
0.730000	7.297148E+1	-1.447801E+0
0.735000	7.406691E+1	-1.493015E+0
0.740000	5.494677E+1	-1.548277E+0
0.745000	7.197564E+1	-1.593491E+0
0.750000	6.012514E+1	-1.638705E+0
0.755000	7.785110E+1	-1.681407E+0
0.760000	7.476400E+1	-1.724109E+0
0.765000	6.371017E+1	-1.774347E+0
0.770000	6.898812E+1	-1.822073E+0
0.775000	6.819145E+1	-1.864776E+0
0.780000	7.456483E+1	-1.922549E+0
0.785000	7.297148E+1	-1.965252E+0
0.790000	7.207523E+1	-2.005442E+0
0.795000	5.534511E+1	-2.053168E+0
0.800000	7.287190E+1	-2.093358E+0
0.805000	6.789270E+1	-2.146108E+0
0.810000	6.978479E+1	-2.198858E+0
0.815000	6.978479E+1	-2.244072E+0
0.820000	4.449045E+1	-2.289286E+0
0.825000	6.789270E+1	-2.331989E+0
0.830000	5.355259E+1	-2.367155E+0
0.835000	6.191765E+1	-2.422417E+0
0.840000	7.247356E+1	-2.470143E+0
0.845000	3.552788E+1	-2.512845E+0
0.850000	7.456483E+1	-2.568107E+0
0.855000	4.578504E+1	-2.608297E+0
0.860000	6.231599E+1	-2.645976E+0
0.865000	6.928687E+1	-2.701237E+0
0.870000	3.303828E+1	-2.751475E+0
0.875000	7.516233E+1	-2.796690E+0
0.880000	3.682248E+1	-2.834368E+0
0.885000	6.072265E+1	-2.874558E+0
0.890000	6.291350E+1	-2.924796E+0
0.895000	2.905492E+1	-2.975034E+0
0.900000	6.749436E+1	-3.025272E+0
0.905000	3.164410E+1	-3.062951E+0
0.910000	5.355259E+1	-3.105653E+0
0.915000	5.415010E+1	-3.150867E+0
0.920000	2.726241E+1	-3.203617E+0
0.925000	6.600060E+1	-3.253855E+0
0.930000	3.064826E+1	-3.296557E+0
0.935000	4.747797E+1	-3.331724E+0
0.940000	4.349461E+1	-3.384474E+0
0.945000	2.706324E+1	-3.427176E+0
0.950000	5.534511E+1	-3.467366E+0
0.955000	2.795950E+1	-3.520116E+0
0.960000	3.592622E+1	-3.570354E+0
0.965000	3.443246E+1	-3.610544E+0
0.970000	3.224161E+1	-3.648223E+0
0.975000	4.389294E+1	-3.703485E+0
0.980000	2.795950E+1	-3.756234E+0
0.985000	2.815866E+1	-3.793913E+0
0.990000	3.592622E+1	-3.834103E+0
0.995000	3.712123E+1	-3.788889E+0
1.000000	4.429128E+1	-3.723580E+0
1.005000	2.905492E+1	-3.675854E+0
1.010000	3.114618E+1	-3.625616E+0
1.015000	4.986799E+1	-3.567842E+0
1.020000	2.795950E+1	-3.510068E+0
1.025000	5.086383E+1	-3.459831E+0
1.030000	3.851540E+1	-3.402057E+0
1.035000	3.791790E+1	-3.346795E+0
1.040000	5.006715E+1	-3.301581E+0
1.045000	3.174369E+1	-3.236272E+0
1.050000	5.146133E+1	-3.196081E+0
1.055000	5.624136E+1	-3.135796E+0
1.060000	2.845742E+1	-3.075510E+0
1.065000	6.122057E+1	-3.025272E+0
1.070000	3.572705E+1	-2.977546E+0
1.075000	5.464802E+1	-2.917261E+0
1.080000	5.902972E+1	-2.861999E+0
1.085000	3.453204E+1	-2.806737E+0
1.090000	6.649852E+1	-2.761523E+0
1.095000	4.050708E+1	-2.701237E+0
1.100000	5.902972E+1	-2.648488E+0
1.105000	6.878895E+1	-2.600762E+0
1.110000	4.279752E+1	-2.530428E+0
1.115000	7.237398E+1	-2.485214E+0
1.120000	4.628296E+1	-2.434976E+0
1.125000	6.918729E+1	-2.367155E+0
1.130000	7.127856E+1	-2.316917E+0
1.135000	5.006715E+1	-2.269191E+0
1.140000	7.197564E+1	-2.203882E+0
1.145000	5.225800E+1	-2.151132E+0
1.150000	7.336982E+1	-2.100894E+0
1.155000	7.546109E+1	-2.048144E+0
1.160000	5.146133E+1	-1.990370E+0
1.165000	7.018313E+1	-1.937621E+0
1.170000	6.928687E+1	-1.882359E+0
1.175000	7.536150E+1	-1.819561E+0
1.180000	7.247356E+1	-1.776859E+0
1.185000	6.580143E+1	-1.721597E+0
1.190000	5.614178E+1	-1.668848E+0
1.195000	7.267273E+1	-1.608562E+0
1.200000	7.237398E+1	-1.548277E+0
1.205000	6.659811E+1	-1.500550E+0
1.210000	7.058147E+1	-1.447801E+0
1.215000	4.130376E+1	-1.392539E+0
1.220000	7.426608E+1	-1.332253E+0
1.225000	6.490518E+1	-1.279504E+0
1.230000	5.564386E+1	-1.226754E+0
1.235000	6.769353E+1	-1.176516E+0
1.240000	3.333703E+1	-1.111206E+0
1.245000	7.147772E+1	-1.055945E+0
1.250000	5.803388E+1	-1.010730E+0
1.255000	3.741998E+1	-9.504449E-1
1.260000	7.237398E+1	-8.926713E-1
1.265000	3.154452E+1	-8.449452E-1
1.270000	6.191765E+1	-7.921954E-1
1.275000	4.817506E+1	-7.293980E-1
1.280000	2.995118E+1	-6.791600E-1
1.285000	7.048188E+1	-6.188745E-1
1.290000	3.114618E+1	-5.711484E-1
1.295000	5.654012E+1	-5.083510E-1
1.300000	4.429128E+1	-4.480654E-1
1.305000	2.965242E+1	-3.953156E-1
1.310000	6.380975E+1	-3.450776E-1
1.315000	3.383495E+1	-2.973516E-1
1.320000	4.090542E+1	-2.370660E-1
1.325000	3.214203E+1	-1.818043E-1
1.330000	3.224161E+1	-1.315663E-1
1.335000	4.498837E+1	-7.128081E-2
1.340000	3.144494E+1	-1.350716E-2
1.345000	3.174369E+1	3.421889E-2
1.350000	3.015034E+1	9.199253E-2
1.355000	3.433287E+1	1.547900E-1
1.360000	3.572705E+1	2.100517E-1
1.365000	4.409211E+1	2.552659E-1
1.370000	3.164410E+1	3.180633E-1
1.375000	3.393454E+1	3.708132E-1
1.380000	3.592622E+1	4.210511E-1
1.385000	3.254036E+1	4.813366E-1
1.390000	4.389294E+1	5.340865E-1
1.395000	3.074785E+1	5.918601E-1
1.400000	3.622497E+1	6.496338E-1
1.405000	4.110459E+1	7.124312E-1
1.410000	3.273953E+1	7.601573E-1
1.415000	5.464802E+1	8.129071E-1
1.420000	3.622497E+1	8.731927E-1
1.425000	4.857339E+1	9.184068E-1
1.430000	5.464802E+1	9.786924E-1
1.435000	3.851540E+1	1.038978E+0
1.440000	6.042389E+1	1.084192E+0
1.445000	4.528712E+1	1.146989E+0
1.450000	5.335343E+1	1.204763E+0
1.455000	5.424968E+1	1.255001E+0
1.460000	4.279752E+1	1.320310E+0
1.465000	6.729519E+1	1.363013E+0
1.470000	5.096341E+1	1.425810E+0
1.475000	6.500476E+1	1.481072E+0
1.480000	6.500476E+1	1.526286E+0
1.485000	5.853180E+1	1.594107E+0
1.490000	7.317065E+1	1.646857E+0
1.495000	6.112098E+1	1.697095E+0
1.500000	6.868937E+1	1.764916E+0
1.505000	7.416649E+1	1.810130E+0
1.510000	6.729519E+1	1.872928E+0
1.515000	7.297148E+1	1.933213E+0
1.520000	7.058147E+1	1.980939E+0
1.525000	7.566025E+1	2.038713E+0
1.530000	7.526192E+1	2.096487E+0
1.535000	7.267273E+1	2.141701E+0
1.540000	7.317065E+1	2.209522E+0
1.545000	7.297148E+1	2.259760E+0
1.550000	7.566025E+1	2.317534E+0
1.555000	7.088022E+1	2.380331E+0
1.560000	7.486358E+1	2.425545E+0
1.565000	6.709603E+1	2.490855E+0
1.570000	6.868937E+1	2.543604E+0
1.575000	5.873097E+1	2.593842E+0
1.580000	5.464802E+1	2.659152E+0
1.585000	6.520393E+1	2.711902E+0
1.590000	5.663970E+1	2.767163E+0
1.595000	6.570185E+1	2.824937E+0
1.600000	6.639894E+1	2.882711E+0
1.605000	5.783471E+1	2.932949E+0
1.610000	6.679727E+1	2.993234E+0
1.615000	4.937007E+1	3.063567E+0
1.620000	5.415010E+1	3.111293E+0
1.625000	4.668130E+1	3.164043E+0
1.630000	4.190126E+1	3.224329E+0
1.635000	4.747797E+1	3.219305E+0
1.640000	3.971041E+1	3.171579E+0
1.645000	4.777672E+1	3.121341E+0
1.650000	5.215842E+1	3.078639E+0
1.655000	4.678088E+1	3.018353E+0
1.660000	5.663970E+1	2.973139E+0
1.665000	5.405052E+1	2.922901E+0
1.670000	5.743637E+1	2.867639E+0
1.675000	6.072265E+1	2.829961E+0
1.680000	5.723720E+1	2.769675E+0
1.685000	6.610018E+1	2.734509E+0
1.690000	5.863138E+1	2.681759E+0
1.695000	6.420809E+1	2.629009E+0
1.700000	6.779311E+1	2.591331E+0
1.705000	6.610018E+1	2.528533E+0
1.710000	7.297148E+1	2.490855E+0
1.715000	6.540310E+1	2.430569E+0
1.720000	6.679727E+1	2.390379E+0
1.725000	7.356899E+1	2.342653E+0
1.730000	6.779311E+1	2.287391E+0
1.735000	7.516233E+1	2.244689E+0
1.740000	7.356899E+1	2.201986E+0
1.745000	7.078063E+1	2.149237E+0
1.750000	7.685526E+1	2.106534E+0
1.755000	7.366857E+1	2.053784E+0
1.760000	7.237398E+1	2.001035E+0
1.765000	7.436566E+1	1.958332E+0
1.770000	7.745277E+1	1.918142E+0
1.775000	6.958563E+1	1.860368E+0
1.780000	7.386774E+1	1.817666E+0
1.785000	6.988438E+1	1.774964E+0
1.790000	7.605859E+1	1.719702E+0
1.795000	7.615817E+1	1.674488E+0
1.800000	7.267273E+1	1.631786E+0
1.805000	7.287190E+1	1.581548E+0
1.810000	6.301308E+1	1.526286E+0
1.815000	7.287190E+1	1.491119E+0
1.820000	6.390934E+1	1.435858E+0
1.825000	6.301308E+1	1.383108E+0
1.830000	6.062306E+1	1.340406E+0
1.835000	5.205883E+1	1.295191E+0
1.840000	6.241558E+1	1.247465E+0
1.845000	4.996757E+1	1.194716E+0
1.850000	5.594261E+1	1.154525E+0
1.855000	5.594261E+1	1.114335E+0
1.860000	4.797589E+1	1.061585E+0
1.865000	5.823305E+1	1.008835E+0
1.870000	4.618338E+1	9.686448E-1
1.875000	5.514594E+1	9.259425E-1
1.880000	4.688046E+1	8.631451E-1
1.885000	4.379336E+1	8.204428E-1
1.890000	5.683887E+1	7.777406E-1
1.895000	3.781832E+1	7.275026E-1
1.900000	4.399253E+1	6.772647E-1
1.905000	4.060667E+1	6.320505E-1
1.910000	3.522913E+1	5.893482E-1
1.915000	4.100501E+1	5.466460E-1
1.920000	3.144494E+1	4.938961E-1
1.925000	4.060667E+1	4.411463E-1
1.930000	3.224161E+1	4.009559E-1
1.935000	3.254036E+1	3.532299E-1
1.940000	3.502996E+1	3.004800E-1
1.945000	3.154452E+1	2.502421E-1
1.950000	3.732040E+1	2.200993E-1
1.955000	3.124577E+1	1.748851E-1
1.960000	3.184327E+1	1.196234E-1
1.965000	3.582663E+1	6.687356E-2
1.970000	3.204244E+1	2.417130E-2
1.975000	3.094702E+1	-2.104286E-2
1.980000	3.244078E+1	-7.379270E-2
1.985000	2.995118E+1	-1.114712E-1
1.990000	3.144494E+1	-1.667329E-1
1.995000	3.443246E+1	-2.169709E-1
2.000000	2.835783E+1	-2.521374E-1
2.005000	3.811707E+1	-3.099111E-1
2.010000	3.094702E+1	-3.551252E-1
2.015000	3.751956E+1	-3.928037E-1
2.020000	3.423329E+1	-4.380178E-1
2.025000	2.985159E+1	-4.907677E-1
2.030000	4.329544E+1	-5.435175E-1
2.035000	3.333703E+1	-5.837079E-1
2.040000	4.030792E+1	-6.238983E-1
2.045000	4.309627E+1	-6.866957E-1
2.050000	3.831624E+1	-7.193504E-1
2.055000	4.628296E+1	-7.645645E-1
2.060000	4.110459E+1	-8.173144E-1
2.065000	5.614178E+1	-8.675523E-1
2.070000	5.644053E+1	-9.127665E-1
2.075000	5.036591E+1	-9.479330E-1
2.080000	6.261474E+1	-1.008219E+0
2.085000	4.757755E+1	-1.055945E+0
2.090000	6.032431E+1	-1.098647E+0
2.095000	6.132015E+1	-1.138837E+0
2.100000	5.663970E+1	-1.196611E+0
2.105000	6.420809E+1	-1.246849E+0
2.110000	5.693845E+1	-1.279504E+0
2.115000	5.992597E+1	-1.322206E+0
2.120000	6.759395E+1	-1.377468E+0
2.125000	6.888854E+1	-1.425194E+0
2.130000	7.486358E+1	-1.460360E+0
2.135000	7.167689E+1	-1.513110E+0
2.140000	7.436566E+1	-1.560836E+0
2.145000	7.366857E+1	-1.603538E+0
2.150000	7.446524E+1	-1.656288E+0
2.155000	7.536150E+1	-1.714062E+0
2.160000	7.486358E+1	-1.744205E+0
2.165000	7.386774E+1	-1.796954E+0
2.170000	7.725360E+1	-1.832121E+0
2.175000	7.615817E+1	-1.882359E+0
2.180000	7.317065E+1	-1.937621E+0
2.185000	7.356899E+1	-1.985347E+0
2.190000	7.595901E+1	-2.025537E+0
2.195000	7.267273E+1	-2.063216E+0
2.200000	7.217481E+1	-2.120989E+0
2.205000	7.336982E+1	-2.171227E+0
2.210000	7.247356E+1	-2.211417E+0
2.215000	6.938646E+1	-2.251608E+0
2.220000	6.978479E+1	-2.301846E+0
2.225000	6.898812E+1	-2.352084E+0
2.230000	7.008355E+1	-2.394786E+0
2.235000	6.380975E+1	-2.434976E+0
2.240000	6.211682E+1	-2.485214E+0
2.245000	6.450684E+1	-2.535452E+0
2.250000	6.500476E+1	-2.575643E+0
2.255000	6.241558E+1	-2.630904E+0
2.260000	5.843221E+1	-2.676119E+0
2.265000	5.942805E+1	-2.723845E+0
2.270000	5.345301E+1	-2.764035E+0
2.275000	5.415010E+1	-2.801713E+0
2.280000	5.644053E+1	-2.859487E+0
2.285000	4.638254E+1	-2.899677E+0
2.290000	4.946965E+1	-2.944892E+0
2.295000	4.468961E+1	-2.997641E+0
2.300000	4.259835E+1	-3.040344E+0
2.305000	5.126216E+1	-3.085558E+0
2.310000	4.110459E+1	-3.140820E+0
2.315000	4.488878E+1	-3.173474E+0
2.320000	3.861499E+1	-3.211153E+0
2.325000	3.811707E+1	-3.263903E+0
2.330000	4.239918E+1	-3.316652E+0
2.335000	3.732040E+1	-3.356843E+0
2.340000	3.642414E+1	-3.392009E+0
2.345000	3.582663E+1	-3.447271E+0
2.350000	3.522913E+1	-3.497509E+0
2.355000	3.453204E+1	-3.540211E+0
2.360000	2.556948E+1	-3.580402E+0
2.365000	3.293870E+1	-3.638175E+0
2.370000	2.776033E+1	-3.678366E+0
2.375000	2.905492E+1	-3.713532E+0
2.380000	2.785991E+1	-3.771306E+0
2.385000	2.865658E+1	-3.808984E+0
2.390000	2.935367E+1	-3.811496E+0
2.395000	2.785991E+1	-3.768794E+0
2.400000	2.865658E+1	-3.703485E+0
2.405000	3.293870E+1	-3.653247E+0
2.410000	2.955284E+1	-3.597985E+0
2.415000	3.214203E+1	-3.535187E+0
2.420000	3.034951E+1	-3.492485E+0
2.425000	3.194286E+1	-3.437223E+0
2.430000	3.463163E+1	-3.381962E+0
2.435000	3.204244E+1	-3.339259E+0
2.440000	3.433287E+1	-3.268926E+0
2.445000	4.010875E+1	-3.228736E+0
2.450000	3.761915E+1	-3.165939E+0
2.455000	4.269793E+1	-3.105653E+0
2.460000	4.120417E+1	-3.052903E+0
2.465000	4.618338E+1	-3.002665E+0
2.470000	5.026632E+1	-2.942380E+0
2.475000	4.628296E+1	-2.894654E+0
2.480000	5.255675E+1	-2.844416E+0
2.485000	4.946965E+1	-2.789154E+0
2.490000	5.195925E+1	-2.743940E+0
2.495000	5.723720E+1	-2.673607E+0
2.500000	5.464802E+1	-2.625881E+0
2.505000	6.410850E+1	-2.573131E+0
2.510000	5.972681E+1	-2.510333E+0
2.515000	6.600060E+1	-2.465119E+0
2.520000	6.181807E+1	-2.407345E+0
2.525000	6.918729E+1	-2.344548E+0
2.530000	7.376816E+1	-2.299334E+0
2.535000	6.829103E+1	-2.249096E+0
2.540000	6.928687E+1	-2.191322E+0
2.545000	7.386774E+1	-2.131037E+0
2.550000	7.575984E+1	-2.083311E+0
2.555000	7.267273E+1	-2.030561E+0
2.560000	7.187606E+1	-1.970275E+0
2.565000	7.814985E+1	-1.909990E+0
2.570000	7.874736E+1	-1.867288E+0
2.575000	7.416649E+1	-1.801978E+0
2.580000	7.336982E+1	-1.744205E+0
2.585000	7.805027E+1	-1.701502E+0
2.590000	7.924528E+1	-1.643729E+0
2.595000	7.526192E+1	-1.588467E+0
2.600000	7.665609E+1	-1.540741E+0
2.605000	7.615817E+1	-1.472920E+0
2.610000	7.406691E+1	-1.420170E+0
2.615000	6.968521E+1	-1.374956E+0
2.620000	7.127856E+1	-1.309646E+0
2.625000	6.580143E+1	-1.256896E+0
2.630000	7.287190E+1	-1.201635E+0
2.635000	6.062306E+1	-1.143861E+0
2.640000	6.659811E+1	-1.093623E+0
2.645000	6.610018E+1	-1.043385E+0
2.650000	5.245717E+1	-9.856115E-1
2.655000	6.042389E+1	-9.403973E-1
2.660000	5.434927E+1	-8.750880E-1
2.665000	4.966882E+1	-8.148025E-1
2.670000	5.434927E+1	-7.695883E-1
2.675000	4.488878E+1	-7.093028E-1
2.680000	4.897173E+1	-6.490172E-1
2.685000	4.389294E+1	-5.987793E-1
2.690000	4.389294E+1	-5.510532E-1
2.695000	4.488878E+1	-4.932796E-1
2.700000	3.303828E+1	-4.304821E-1
2.705000	4.090542E+1	-3.852680E-1
2.710000	3.522913E+1	-3.224706E-1
2.715000	3.015034E+1	-2.646969E-1
2.720000	3.542830E+1	-2.169709E-1
2.725000	2.955284E+1	-1.566853E-1
2.730000	3.064826E+1	-9.891168E-2
2.735000	2.845742E+1	-4.616183E-2
2.740000	2.736199E+1	1.564222E-3
2.745000	2.975201E+1	6.687356E-2
2.750000	2.925409E+1	1.171115E-1
2.755000	2.985159E+1	1.648376E-1
2.760000	2.815866E+1	2.326588E-1
2.765000	3.114618E+1	2.879205E-1
2.770000	2.885575E+1	3.306228E-1
2.775000	3.024993E+1	3.984440E-1
2.780000	2.915450E+1	4.511939E-1
2.785000	3.662331E+1	5.014318E-1
2.790000	3.522913E+1	5.692531E-1
2.795000	3.283911E+1	6.119553E-1
2.800000	3.602580E+1	6.722409E-1
2.805000	3.612539E+1	7.325264E-1
2.810000	3.771873E+1	7.727168E-1
2.815000	3.931208E+1	8.330023E-1
2.820000	3.582663E+1	8.957997E-1
2.825000	4.638254E+1	9.385020E-1
2.830000	4.538670E+1	1.013859E+0
2.835000	4.887214E+1	1.056561E+0
2.840000	4.787630E+1	1.111823E+0
2.845000	4.598421E+1	1.169597E+0
2.850000	5.853180E+1	1.224858E+0
2.855000	5.863138E+1	1.275096E+0
2.860000	5.156091E+1	1.342917E+0
2.865000	6.321225E+1	1.385620E+0
2.870000	6.251516E+1	1.445905E+0
2.875000	6.321225E+1	1.506191E+0
2.880000	6.102140E+1	1.556429E+0
2.885000	6.789270E+1	1.611691E+0
2.890000	6.958563E+1	1.677000E+0
2.895000	6.540310E+1	1.724726E+0
2.900000	7.107939E+1	1.774964E+0
2.905000	7.167689E+1	1.835249E+0
2.910000	7.227440E+1	1.898047E+0
2.915000	7.755235E+1	1.948285E+0
2.920000	7.446524E+1	1.996011E+0
2.925000	7.924528E+1	2.063832E+0
2.930000	7.824944E+1	2.114070E+0
2.935000	7.645693E+1	2.161796E+0
2.940000	7.615817E+1	2.229617E+0
2.945000	7.725360E+1	2.287391E+0
2.950000	7.814985E+1	2.340141E+0
2.955000	7.137814E+1	2.395403E+0
2.960000	7.366857E+1	2.445640E+0
2.965000	7.277232E+1	2.505926E+0
2.970000	7.526192E+1	2.571235E+0
2.975000	7.018313E+1	2.623985E+0
2.980000	6.749436E+1	2.679247E+0
2.985000	7.008355E+1	2.731997E+0
2.990000	6.151932E+1	2.797306E+0
2.995000	6.022473E+1	2.845032E+0
3.000000	5.912930E+1	2.900294E+0
3.005000	5.902972E+1	2.960579E+0
3.010000	5.624136E+1	3.018353E+0
3.015000	5.305467E+1	3.068591E+0
3.020000	5.365218E+1	3.128877E+0
3.025000	4.518754E+1	3.194186E+0
3.030000	4.488878E+1	3.244424E+0
3.035000	4.857339E+1	3.194186E+0
3.040000	4.429128E+1	3.151484E+0
3.045000	5.315426E+1	3.101246E+0
3.050000	5.275592E+1	3.043472E+0
3.055000	5.215842E+1	3.003282E+0
3.060000	5.863138E+1	2.960579E+0
3.065000	5.424968E+1	2.907830E+0
3.070000	6.301308E+1	2.850056E+0
3.075000	5.703804E+1	2.807354E+0
3.080000	6.042389E+1	2.764651E+0
3.085000	7.048188E+1	2.711902E+0
3.090000	6.241558E+1	2.661664E+0
3.095000	7.008355E+1	2.611426E+0
3.100000	6.610018E+1	2.558676E+0
3.105000	7.217481E+1	2.515974E+0
3.110000	7.217481E+1	2.475783E+0
3.115000	6.948604E+1	2.418010E+0
3.120000	7.416649E+1	2.367772E+0
3.125000	7.346940E+1	2.325069E+0
3.130000	7.566025E+1	2.279855E+0
3.135000	7.436566E+1	2.222082E+0
3.140000	7.486358E+1	2.189427E+0
3.145000	7.665609E+1	2.131653E+0
3.150000	7.705443E+1	2.086439E+0
3.155000	7.486358E+1	2.041225E+0
3.160000	7.735318E+1	1.980939E+0
3.165000	7.874736E+1	1.938237E+0
3.170000	7.327024E+1	1.900559E+0
3.175000	7.257315E+1	1.840273E+0
3.180000	7.566025E+1	1.800083E+0
3.185000	7.297148E+1	1.752357E+0
3.190000	7.327024E+1	1.699607E+0
3.195000	6.619977E+1	1.656905E+0
3.200000	6.938646E+1	1.609179E+0
3.205000	7.247356E+1	1.556429E+0
3.210000	6.251516E+1	1.511215E+0
3.215000	6.649852E+1	1.471024E+0
3.220000	6.251516E+1	1.420786E+0
3.225000	6.659811E+1	1.365525E+0
3.230000	6.450684E+1	1.332870E+0
3.235000	5.743637E+1	1.277608E+0
3.240000	5.883055E+1	1.229882E+0
3.245000	5.534511E+1	1.187180E+0
3.250000	5.464802E+1	1.136942E+0
3.255000	5.375176E+1	1.084192E+0
3.260000	5.056507E+1	1.046514E+0
3.265000	5.464802E+1	9.937637E-1
3.270000	5.106299E+1	9.485496E-1
3.275000	4.558587E+1	9.058473E-1
3.280000	4.668130E+1	8.455618E-1
3.285000	4.508795E+1	8.078833E-1
3.290000	4.498837E+1	7.601573E-1
3.295000	4.220001E+1	7.074074E-1
3.300000	3.821665E+1	6.672171E-1
3.305000	4.000916E+1	6.220029E-1
3.310000	3.871457E+1	5.692531E-1
3.315000	3.901332E+1	5.165032E-1
3.320000	3.682248E+1	4.738010E-1
3.325000	3.592622E+1	4.310987E-1
3.330000	3.403412E+1	3.833726E-1
3.335000	3.263995E+1	3.306228E-1
3.340000	3.463163E+1	2.879205E-1
3.345000	3.433287E+1	2.477302E-1
3.350000	3.134535E+1	1.974922E-1
3.355000	3.254036E+1	1.422305E-1
3.360000	3.184327E+1	9.952822E-2
3.365000	3.154452E+1	5.180217E-2
3.370000	3.054868E+1	-9.476753E-4
3.375000	3.094702E+1	-4.113804E-2
3.380000	2.785991E+1	-8.886409E-2
3.385000	3.204244E+1	-1.391020E-1
3.390000	3.024993E+1	-1.717567E-1
3.395000	3.104660E+1	-2.295303E-1
3.400000	3.323745E+1	-2.722326E-1
3.405000	3.303828E+1	-3.124230E-1
3.410000	3.761915E+1	-3.727085E-1
3.415000	3.114618E+1	-4.128989E-1
3.420000	3.662331E+1	-4.631368E-1
3.425000	3.990958E+1	-5.133748E-1
3.430000	3.662331E+1	-5.510532E-1
3.435000	4.229960E+1	-6.038031E-1
3.440000	3.841582E+1	-6.540410E-1
3.445000	4.688046E+1	-6.942314E-1
3.450000	4.578504E+1	-7.394455E-1
3.455000	4.170209E+1	-7.921954E-1
3.460000	4.996757E+1	-8.323857E-1
3.465000	4.528712E+1	-8.725761E-1
3.470000	5.166050E+1	-9.328616E-1
3.475000	5.026632E+1	-9.730520E-1
3.480000	5.305467E+1	-1.015754E+0
3.485000	6.122057E+1	-1.068504E+0
3.490000	5.733679E+1	-1.116230E+0
3.495000	6.231599E+1	-1.156421E+0
3.500000	6.291350E+1	-1.206658E+0
3.505000	6.600060E+1	-1.259408E+0
3.510000	6.610018E+1	-1.297087E+0
3.515000	6.261474E+1	-1.339789E+0
3.520000	6.888854E+1	-1.387515E+0
3.525000	7.317065E+1	-1.440265E+0
3.530000	6.898812E+1	-1.493015E+0
3.535000	7.097980E+1	-1.533205E+0
3.540000	7.068105E+1	-1.578419E+0
3.545000	7.566025E+1	-1.613586E+0
3.550000	7.456483E+1	-1.676383E+0
3.555000	7.376816E+1	-1.724109E+0
3.560000	7.735318E+1	-1.761788E+0
3.565000	7.476400E+1	-1.801978E+0
3.570000	7.715401E+1	-1.854728E+0
3.575000	7.197564E+1	-1.909990E+0
3.580000	7.456483E+1	-1.957716E+0
3.585000	7.785110E+1	-1.995394E+0
3.590000	7.207523E+1	-2.030561E+0
3.595000	7.088022E+1	-2.088335E+0
3.600000	7.416649E+1	-2.138572E+0
3.605000	7.197564E+1	-2.181275E+0
3.610000	6.809187E+1	-2.216441E+0
3.615000	7.018313E+1	-2.276727E+0
3.620000	6.709603E+1	-2.316917E+0
3.625000	6.878895E+1	-2.359619E+0
3.630000	6.739478E+1	-2.409857E+0
3.635000	6.151932E+1	-2.460095E+0
3.640000	6.839062E+1	-2.505309E+0
3.645000	6.072265E+1	-2.558059E+0
3.650000	5.843221E+1	-2.593226E+0
3.655000	6.122057E+1	-2.640952E+0
3.660000	5.514594E+1	-2.693702E+0
3.665000	6.141973E+1	-2.733892E+0
3.670000	4.857339E+1	-2.769059E+0
3.675000	5.195925E+1	-2.829344E+0
3.680000	5.225800E+1	-2.872047E+0
3.685000	4.608379E+1	-2.917261E+0
3.690000	4.887214E+1	-2.970011E+0
3.695000	4.578504E+1	-3.010201E+0
3.700000	4.578504E+1	-3.047879E+0
3.705000	4.309627E+1	-3.098117E+0
3.710000	3.921249E+1	-3.148355E+0
3.715000	4.200085E+1	-3.188546E+0
3.720000	3.971041E+1	-3.228736E+0
3.725000	4.080584E+1	-3.278974E+0
3.730000	3.781832E+1	-3.331724E+0
3.735000	3.293870E+1	-3.374426E+0
3.740000	3.473121E+1	-3.412104E+0
3.745000	3.483079E+1	-3.469878E+0
3.750000	3.283911E+1	-3.515092E+0
3.755000	3.263995E+1	-3.555283E+0
3.760000	3.015034E+1	-3.592961E+0
3.765000	3.015034E+1	-3.643199E+0
3.770000	3.084743E+1	-3.695949E+0
3.775000	3.015034E+1	-3.733627E+0
3.780000	2.756116E+1	-3.773818E+0
3.785000	2.925409E+1	-3.826568E+0
3.790000	2.955284E+1	-3.798937E+0
3.795000	2.955284E+1	-3.741163E+0
3.800000	3.074785E+1	-3.678366E+0
3.805000	3.234119E+1	-3.630640E+0
3.810000	3.074785E+1	-3.582914E+0
3.815000	2.835783E+1	-3.527652E+0
3.820000	3.353620E+1	-3.474902E+0
3.825000	3.612539E+1	-3.422152E+0
3.830000	3.034951E+1	-3.364378E+0
3.835000	3.483079E+1	-3.306605E+0
3.840000	3.931208E+1	-3.258879E+0
3.845000	3.552788E+1	-3.198593E+0
3.850000	4.130376E+1	-3.145843E+0
3.855000	4.070625E+1	-3.098117E+0
3.860000	4.100501E+1	-3.037832E+0
3.865000	4.568546E+1	-2.977546E+0
3.870000	4.508795E+1	-2.937356E+0
3.875000	4.707963E+1	-2.877070E+0
3.880000	4.956923E+1	-2.819297E+0
3.885000	5.185967E+1	-2.771571E+0
3.890000	5.166050E+1	-2.721333E+0
3.895000	5.225800E+1	-2.656023E+0
3.900000	5.484719E+1	-2.605785E+0
3.905000	5.962722E+1	-2.553036E+0
3.910000	5.624136E+1	-2.492750E+0
3.915000	5.783471E+1	-2.434976E+0
3.920000	6.390934E+1	-2.387250E+0
3.925000	6.042389E+1	-2.339524E+0
3.930000	6.510434E+1	-2.276727E+0
3.935000	6.380975E+1	-2.218953E+0
3.940000	6.649852E+1	-2.178763E+0
3.945000	7.058147E+1	-2.113453E+0
3.950000	6.819145E+1	-2.053168E+0
3.955000	6.948604E+1	-1.997906E+0
3.960000	7.097980E+1	-1.950180E+0
3.965000	7.645693E+1	-1.892406E+0
3.970000	7.267273E+1	-1.849704E+0
3.975000	7.078063E+1	-1.784395E+0
3.980000	7.605859E+1	-1.729133E+0
3.985000	7.575984E+1	-1.678895E+0
3.990000	7.476400E+1	-1.623633E+0
3.995000	7.317065E+1	-1.575907E+0
4.000000	7.436566E+1	-1.520646E+0
4.005000	7.028271E+1	-1.457848E+0
4.010000	7.426608E+1	-1.395051E+0
4.015000	6.689686E+1	-1.342301E+0
4.020000	7.197564E+1	-1.297087E+0
4.025000	7.008355E+1	-1.241825E+0
4.030000	6.341142E+1	-1.191587E+0
4.035000	7.028271E+1	-1.131302E+0
4.040000	5.544469E+1	-1.071016E+0
4.045000	6.948604E+1	-1.023290E+0
4.050000	6.450684E+1	-9.705401E-1
4.055000	5.285551E+1	-9.152784E-1
4.060000	6.321225E+1	-8.549928E-1
4.065000	4.787630E+1	-7.921954E-1
4.070000	5.683887E+1	-7.444693E-1
4.075000	5.086383E+1	-6.942314E-1
4.080000	4.259835E+1	-6.364577E-1
4.085000	5.504636E+1	-5.761722E-1
4.090000	3.732040E+1	-5.234224E-1
4.095000	4.349461E+1	-4.731844E-1
4.100000	4.070625E+1	-4.128989E-1
4.105000	3.552788E+1	-3.676847E-1
4.110000	4.538670E+1	-3.048873E-1
4.115000	3.124577E+1	-2.420898E-1
4.120000	3.751956E+1	-1.893400E-1
4.125000	3.552788E+1	-1.391020E-1
4.130000	3.114618E+1	-9.137599E-2
4.135000	3.493038E+1	-3.611424E-2
4.140000	2.915450E+1	1.914750E-2
4.145000	3.144494E+1	7.943304E-2
4.150000	3.005076E+1	1.372067E-1
4.155000	2.965242E+1	1.899565E-1
4.160000	2.955284E+1	2.527540E-1
4.165000	3.542830E+1	3.055038E-1
4.170000	3.214203E+1	3.532299E-1
4.175000	3.254036E+1	4.084916E-1
4.180000	3.413371E+1	4.662653E-1
4.185000	2.995118E+1	5.215270E-1
4.190000	4.070625E+1	5.793006E-1
4.195000	3.134535E+1	6.395862E-1
4.200000	3.751956E+1	6.873122E-1
4.205000	3.951124E+1	7.475978E-1
4.210000	3.313787E+1	7.953238E-1
4.215000	4.379336E+1	8.505856E-1
4.220000	3.921249E+1	9.133830E-1
4.225000	4.339502E+1	9.711567E-1
4.230000	4.678088E+1	1.026418E+0
4.235000	3.911291E+1	1.079168E+0
4.240000	5.564386E+1	1.131918E+0
4.245000	4.727880E+1	1.179644E+0
4.250000	5.026632E+1	1.234906E+0
4.255000	5.195925E+1	1.295191E+0
4.260000	4.976840E+1	1.357989E+0
4.265000	6.062306E+1	1.415763E+0
4.270000	5.385135E+1	1.466000E+0
4.275000	6.022473E+1	1.518750E+0
4.280000	6.450684E+1	1.571500E+0
4.285000	5.853180E+1	1.626762E+0
4.290000	6.580143E+1	1.694583E+0
4.295000	6.022473E+1	1.744821E+0
4.300000	6.739478E+1	1.792547E+0
4.305000	7.088022E+1	1.855345E+0
4.310000	6.759395E+1	1.915630E+0
4.315000	6.978479E+1	1.963356E+0
4.320000	7.177648E+1	2.016106E+0
4.325000	7.307107E+1	2.078903E+0
4.330000	6.978479E+1	2.144213E+0
4.335000	7.207523E+1	2.191939E+0
4.340000	7.416649E+1	2.239665E+0
4.345000	7.416649E+1	2.302462E+0
4.350000	7.476400E+1	2.362748E+0
4.355000	7.247356E+1	2.410474E+0
4.360000	7.187606E+1	2.470759E+0
4.365000	6.610018E+1	2.520997E+0
4.370000	7.376816E+1	2.578771E+0
4.375000	6.580143E+1	2.639057E+0
4.380000	6.809187E+1	2.699342E+0
4.385000	7.018313E+1	2.764651E+0
4.390000	5.365218E+1	2.817401E+0
4.395000	6.371017E+1	2.870151E+0
4.400000	5.912930E+1	2.915365E+0
4.405000	6.112098E+1	2.973139E+0
4.410000	6.570185E+1	3.038448E+0
4.415000	5.006715E+1	3.093710E+0
4.420000	5.733679E+1	3.153996E+0
4.425000	4.648213E+1	3.211769E+0
4.430000	4.747797E+1	3.229353E+0
4.435000	5.942805E+1	3.176603E+0
4.440000	4.439086E+1	3.123853E+0
4.445000	5.873097E+1	3.086174E+0
4.450000	5.534511E+1	3.038448E+0
4.455000	5.166050E+1	2.995746E+0
4.460000	6.550268E+1	2.945508E+0
4.465000	5.424968E+1	2.890246E+0
4.470000	6.380975E+1	2.842520E+0
4.475000	6.520393E+1	2.787259E+0
4.480000	5.883055E+1	2.737021E+0
4.485000	7.018313E+1	2.691806E+0
4.490000	6.490518E+1	2.651616E+0
4.495000	6.849020E+1	2.596354E+0
4.500000	7.008355E+1	2.548628E+0
4.505000	6.341142E+1	2.495878E+0
4.510000	7.187606E+1	2.450664E+0
4.515000	6.739478E+1	2.402938E+0
4.520000	7.068105E+1	2.365260E+0
4.525000	7.217481E+1	2.317534E+0
4.530000	6.978479E+1	2.262272E+0
4.535000	6.968521E+1	2.209522E+0
4.540000	7.018313E+1	2.161796E+0
4.545000	7.058147E+1	2.109046E+0
4.550000	7.117897E+1	2.058808E+0
4.555000	7.277232E+1	2.021130E+0
4.560000	7.048188E+1	1.973404E+0
4.565000	6.888854E+1	1.925678E+0
4.570000	7.376816E+1	1.887999E+0
4.575000	6.540310E+1	1.840273E+0
4.580000	7.097980E+1	1.790035E+0
4.585000	6.590102E+1	1.734773E+0
4.590000	6.849020E+1	1.682024E+0
4.595000	6.400892E+1	1.636809E+0
4.600000	6.022473E+1	1.584060E+0
4.605000	7.127856E+1	1.536334E+0
4.610000	5.783471E+1	1.493631E+0
4.615000	6.072265E+1	1.453441E+0
4.620000	6.510434E+1	1.410739E+0
4.625000	4.937007E+1	1.368036E+0
4.630000	6.062306E+1	1.305239E+0
4.635000	5.624136E+1	1.257513E+0
4.640000	5.693845E+1	1.209787E+0
4.645000	5.624136E+1	1.164573E+0
4.650000	4.946965E+1	1.121871E+0
4.655000	4.956923E+1	1.074144E+0
4.660000	5.086383E+1	1.031442E+0
4.665000	5.056507E+1	9.786924E-1
4.670000	4.369377E+1	9.259425E-1
4.675000	4.030792E+1	8.882640E-1
4.680000	4.548629E+1	8.455618E-1
4.685000	4.100501E+1	7.928119E-1
4.690000	4.578504E+1	7.375502E-1
4.695000	3.961083E+1	6.948479E-1
4.700000	3.921249E+1	6.471219E-1
4.705000	4.190126E+1	5.943720E-1
4.710000	3.652372E+1	5.516698E-1
4.715000	3.652372E+1	5.139913E-1
4.720000	3.572705E+1	4.612415E-1
4.725000	3.234119E+1	4.084916E-1
4.730000	3.771873E+1	3.683013E-1
4.735000	3.134535E+1	3.281109E-1
4.740000	3.283911E+1	2.728492E-1
4.745000	3.363579E+1	2.251231E-1
4.750000	3.114618E+1	1.799089E-1
4.755000	2.785991E+1	1.296710E-1
4.760000	3.104660E+1	7.692115E-2
4.765000	3.084743E+1	3.673079E-2
4.770000	2.835783E+1	-3.459573E-3
4.775000	3.074785E+1	-5.872132E-2
4.780000	3.074785E+1	-1.014236E-1
4.785000	3.034951E+1	-1.416139E-1
4.790000	3.144494E+1	-2.069233E-1
4.795000	3.194286E+1	-2.420898E-1
4.800000	3.373537E+1	-2.822802E-1
4.805000	3.483079E+1	-3.350300E-1
4.810000	3.353620E+1	-3.902918E-1
4.815000	3.552788E+1	-4.254584E-1
4.820000	3.911291E+1	-4.756963E-1
4.825000	3.871457E+1	-5.284462E-1
4.830000	3.781832E+1	-5.736603E-1
4.835000	3.732040E+1	-6.163626E-1
4.840000	4.498837E+1	-6.691124E-1
4.845000	4.927048E+1	-7.093028E-1
4.850000	4.648213E+1	-7.570288E-1
4.855000	4.787630E+1	-8.097787E-1
4.860000	4.707963E+1	-8.474571E-1
4.865000	5.444885E+1	-9.002070E-1
4.870000	5.783471E+1	-9.454211E-1
4.875000	5.663970E+1	-9.805877E-1
4.880000	5.902972E+1	-1.040873E+0
4.885000	5.693845E+1	-1.081064E+0
4.890000	6.371017E+1	-1.136325E+0
4.895000	6.012514E+1	-1.176516E+0
4.900000	6.500476E+1	-1.226754E+0
4.905000	6.520393E+1	-1.261920E+0
4.910000	5.982639E+1	-1.317182E+0
4.915000	6.948604E+1	-1.362396E+0
4.920000	6.878895E+1	-1.402586E+0
4.925000	6.610018E+1	-1.457848E+0
4.930000	6.839062E+1	-1.500550E+0
4.935000	6.550268E+1	-1.545765E+0
4.940000	7.127856E+1	-1.593491E+0
4.945000	7.217481E+1	-1.638705E+0
4.950000	7.008355E+1	-1.693967E+0
4.955000	6.948604E+1	-1.724109E+0
4.960000	7.058147E+1	-1.779371E+0
4.965000	7.197564E+1	-1.829609E+0
4.970000	6.829103E+1	-1.872311E+0
4.975000	6.998396E+1	-1.925061E+0
4.980000	7.058147E+1	-1.960228E+0
4.985000	7.287190E+1	-2.010466E+0
4.990000	6.809187E+1	-2.055680E+0
4.995000	6.849020E+1	-2.100894E+0
5.000000	6.998396E+1	-2.153644E+0

