date/time: .08/11/2023.02:57 p.m.
Run 1

time	(LX)	(V)
0.000000	7.486358E+1	-1.548277E+0
0.005000	7.177648E+1	-1.686431E+0
0.010000	7.376816E+1	-1.819561E+0
0.015000	7.695485E+1	-1.962740E+0
0.020000	7.058147E+1	-2.088335E+0
0.025000	6.580143E+1	-2.218953E+0
0.030000	6.978479E+1	-2.347060E+0
0.035000	5.843221E+1	-2.482702E+0
0.040000	5.883055E+1	-2.618345E+0
0.045000	4.986799E+1	-2.756499E+0
0.050000	4.070625E+1	-2.887118E+0
0.055000	4.339502E+1	-3.015225E+0
0.060000	3.393454E+1	-3.145843E+0
0.065000	3.483079E+1	-3.273950E+0
0.070000	3.174369E+1	-3.409593E+0
0.075000	2.716282E+1	-3.547747E+0
0.080000	2.915450E+1	-3.668318E+0
0.085000	2.258196E+1	-3.801449E+0
0.090000	2.596781E+1	-3.728604E+0
0.095000	2.805908E+1	-3.565330E+0
0.100000	2.815866E+1	-3.407081E+0
0.105000	3.552788E+1	-3.251343E+0
0.110000	3.204244E+1	-3.103141E+0
0.115000	4.180168E+1	-2.944892E+0
0.120000	4.309627E+1	-2.781618E+0
0.125000	4.608379E+1	-2.618345E+0
0.130000	6.271433E+1	-2.462607E+0
0.135000	5.693845E+1	-2.311893E+0
0.140000	6.739478E+1	-2.158668E+0
0.145000	7.406691E+1	-2.002930E+0
0.150000	7.546109E+1	-1.847192E+0
0.155000	8.024112E+1	-1.681407E+0
0.160000	7.854819E+1	-1.518134E+0
0.165000	7.506275E+1	-1.364908E+0
0.170000	7.038230E+1	-1.211682E+0
0.175000	7.227440E+1	-1.048409E+0
0.180000	5.584303E+1	-8.851356E-1
0.185000	6.151932E+1	-7.293980E-1
0.190000	4.668130E+1	-5.786841E-1
0.195000	4.369377E+1	-4.179227E-1
0.200000	4.339502E+1	-2.521374E-1
0.205000	2.716282E+1	-9.891168E-2
0.210000	3.194286E+1	5.682597E-2
0.215000	2.706324E+1	2.276350E-1
0.220000	2.696365E+1	3.858845E-1
0.225000	2.546989E+1	5.365984E-1
0.230000	3.871457E+1	7.099193E-1
0.235000	3.443246E+1	8.631451E-1
0.240000	4.239918E+1	1.016371E+0
0.245000	4.488878E+1	1.182156E+0
0.250000	4.638254E+1	1.347941E+0
0.255000	5.893013E+1	1.501167E+0
0.260000	5.454844E+1	1.656905E+0
0.265000	6.749436E+1	1.827714E+0
0.270000	7.406691E+1	1.988475E+0
0.275000	7.506275E+1	2.156772E+0
0.280000	7.546109E+1	2.315022E+0
0.285000	7.904611E+1	2.468248E+0
0.290000	7.655651E+1	2.636545E+0
0.295000	7.107939E+1	2.799818E+0
0.300000	6.968521E+1	2.970627E+0
0.305000	5.106299E+1	3.128877E+0
0.310000	5.574344E+1	3.204234E+0
0.315000	6.251516E+1	3.063567E+0
0.320000	6.062306E+1	2.930437E+0
0.325000	6.978479E+1	2.787259E+0
0.330000	6.460642E+1	2.639057E+0
0.335000	7.426608E+1	2.495878E+0
0.340000	7.466441E+1	2.365260E+0
0.345000	7.585942E+1	2.237153E+0
0.350000	7.566025E+1	2.088951E+0
0.355000	7.615817E+1	1.948285E+0
0.360000	6.679727E+1	1.815154E+0
0.365000	6.390934E+1	1.684536E+0
0.370000	6.789270E+1	1.546381E+0
0.375000	4.827464E+1	1.403203E+0
0.380000	5.385135E+1	1.262537E+0
0.385000	4.130376E+1	1.131918E+0
0.390000	4.419169E+1	9.987875E-1
0.395000	4.528712E+1	8.606332E-1
0.400000	3.254036E+1	7.174550E-1
0.405000	3.403412E+1	5.893482E-1
0.410000	3.005076E+1	4.562177E-1
0.415000	2.855700E+1	3.105276E-1
0.420000	3.154452E+1	1.799089E-1
0.425000	2.795950E+1	5.431407E-2
0.430000	2.686407E+1	-8.886409E-2
0.435000	3.692206E+1	-2.295303E-1
0.440000	3.184327E+1	-3.626609E-1
0.445000	3.592622E+1	-4.882558E-1
0.450000	5.225800E+1	-6.289221E-1
0.455000	3.493038E+1	-7.595407E-1
0.460000	6.191765E+1	-9.002070E-1
0.465000	5.544469E+1	-1.030826E+0
0.470000	6.361058E+1	-1.156421E+0
0.475000	7.386774E+1	-1.297087E+0
0.480000	5.873097E+1	-1.435241E+0
0.485000	7.317065E+1	-1.568372E+0
0.490000	7.207523E+1	-1.696478E+0
0.495000	7.685526E+1	-1.827097E+0
0.500000	7.008355E+1	-1.965252E+0
0.505000	7.396732E+1	-2.103406E+0
0.510000	6.480559E+1	-2.231513E+0
0.515000	6.918729E+1	-2.359619E+0
0.520000	6.291350E+1	-2.492750E+0
0.525000	4.628296E+1	-2.633416E+0
0.530000	6.460642E+1	-2.769059E+0
0.535000	4.180168E+1	-2.894654E+0
0.540000	4.638254E+1	-3.025272E+0
0.545000	3.981000E+1	-3.160915E+0
0.550000	2.815866E+1	-3.299069E+0
0.555000	3.961083E+1	-3.424664E+0
0.560000	2.686407E+1	-3.547747E+0
0.565000	2.517114E+1	-3.688413E+0
0.570000	2.855700E+1	-3.819032E+0
0.575000	2.795950E+1	-3.708508E+0
0.580000	3.423329E+1	-3.550259E+0
0.585000	2.556948E+1	-3.386986E+0
0.590000	3.702164E+1	-3.236272E+0
0.595000	3.831624E+1	-3.085558E+0
0.600000	3.811707E+1	-2.927308E+0
0.605000	5.375176E+1	-2.764035E+0
0.610000	4.757755E+1	-2.615833E+0
0.615000	5.813346E+1	-2.455072E+0
0.620000	5.952764E+1	-2.291798E+0
0.625000	5.673928E+1	-2.133549E+0
0.630000	7.376816E+1	-1.982835E+0
0.635000	6.998396E+1	-1.829609E+0
0.640000	7.247356E+1	-1.663824E+0
0.645000	7.317065E+1	-1.503062E+0
0.650000	7.346940E+1	-1.339789E+0
0.655000	6.271433E+1	-1.189075E+0
0.660000	6.839062E+1	-1.038361E+0
0.665000	5.644053E+1	-8.826237E-1
0.670000	5.295509E+1	-7.118147E-1
0.675000	5.484719E+1	-5.560770E-1
0.680000	3.433287E+1	-4.053632E-1
0.685000	4.100501E+1	-2.395779E-1
0.690000	3.024993E+1	-7.379270E-2
0.695000	3.064826E+1	7.943304E-2
0.700000	2.995118E+1	2.376826E-1
0.705000	2.845742E+1	4.034678E-1
0.710000	2.835783E+1	5.692531E-1
0.715000	3.293870E+1	7.124312E-1
0.720000	4.030792E+1	8.807283E-1
0.725000	3.542830E+1	1.044002E+0
0.730000	5.026632E+1	1.197227E+0
0.735000	4.827464E+1	1.350453E+0
0.740000	5.763554E+1	1.516238E+0
0.745000	6.141973E+1	1.689559E+0
0.750000	5.992597E+1	1.835249E+0
0.755000	7.247356E+1	1.998523E+0
0.760000	7.217481E+1	2.169332E+0
0.765000	7.376816E+1	2.335117E+0
0.770000	7.605859E+1	2.498390E+0
0.775000	7.745277E+1	2.654128E+0
0.780000	6.500476E+1	2.809866E+0
0.785000	6.610018E+1	2.980675E+0
0.790000	5.146133E+1	3.146460E+0
0.795000	5.185967E+1	3.191674E+0
0.800000	6.092181E+1	3.053520E+0
0.805000	5.464802E+1	2.917877E+0
0.810000	7.028271E+1	2.762140E+0
0.815000	7.147772E+1	2.631521E+0
0.820000	6.928687E+1	2.495878E+0
0.825000	7.446524E+1	2.347676E+0
0.830000	7.775152E+1	2.212034E+0
0.835000	7.018313E+1	2.086439E+0
0.840000	7.346940E+1	1.938237E+0
0.845000	7.018313E+1	1.797571E+0
0.850000	6.520393E+1	1.666952E+0
0.855000	6.809187E+1	1.526286E+0
0.860000	5.245717E+1	1.383108E+0
0.865000	5.176008E+1	1.249977E+0
0.870000	4.857339E+1	1.121871E+0
0.875000	4.090542E+1	9.812042E-1
0.880000	4.508795E+1	8.430499E-1
0.885000	2.995118E+1	7.124312E-1
0.890000	3.751956E+1	5.667412E-1
0.895000	3.074785E+1	4.411463E-1
0.900000	2.835783E+1	3.029919E-1
0.905000	2.666490E+1	1.723733E-1
0.910000	3.114618E+1	3.673079E-2
0.915000	2.805908E+1	-1.039355E-1
0.920000	3.074785E+1	-2.471136E-1
0.925000	3.921249E+1	-3.727085E-1
0.930000	3.602580E+1	-5.033272E-1
0.935000	5.176008E+1	-6.364577E-1
0.940000	4.777672E+1	-7.771240E-1
0.945000	5.683887E+1	-9.152784E-1
0.950000	6.699644E+1	-1.050921E+0
0.955000	6.361058E+1	-1.176516E+0
0.960000	7.137814E+1	-1.307134E+0
0.965000	7.048188E+1	-1.447801E+0
0.970000	7.267273E+1	-1.580931E+0
0.975000	7.197564E+1	-1.719086E+0
0.980000	6.878895E+1	-1.852216E+0
0.985000	6.530351E+1	-1.982835E+0
0.990000	6.938646E+1	-2.110942E+0
0.995000	6.271433E+1	-2.246584E+0
1.000000	5.624136E+1	-2.382227E+0
1.005000	5.673928E+1	-2.520381E+0
1.010000	5.265634E+1	-2.645976E+0
1.015000	4.837422E+1	-2.781618E+0
1.020000	4.120417E+1	-2.904701E+0
1.025000	3.741998E+1	-3.047879E+0
1.030000	4.259835E+1	-3.181010E+0
1.035000	2.955284E+1	-3.306605E+0
1.040000	3.343662E+1	-3.429688E+0
1.045000	2.676449E+1	-3.565330E+0
1.050000	2.955284E+1	-3.705996E+0
1.055000	2.885575E+1	-3.824056E+0
1.060000	2.955284E+1	-3.683389E+0
1.065000	2.785991E+1	-3.525140E+0
1.070000	3.144494E+1	-3.379450E+0
1.075000	3.313787E+1	-3.223712E+0
1.080000	4.608379E+1	-3.065463E+0
1.085000	3.343662E+1	-2.904701E+0
1.090000	5.305467E+1	-2.751475E+0
1.095000	4.976840E+1	-2.588202E+0
1.100000	5.106299E+1	-2.434976E+0
1.105000	6.201724E+1	-2.279239E+0
1.110000	5.783471E+1	-2.126013E+0
1.115000	6.779311E+1	-1.965252E+0
1.120000	6.600060E+1	-1.812026E+0
1.125000	7.247356E+1	-1.648752E+0
1.130000	7.416649E+1	-1.477943E+0
1.135000	7.058147E+1	-1.329741E+0
1.140000	6.769353E+1	-1.179028E+0
1.145000	6.689686E+1	-1.015754E+0
1.150000	6.779311E+1	-8.524809E-1
1.155000	5.265634E+1	-7.042790E-1
1.160000	5.833263E+1	-5.384937E-1
1.165000	4.269793E+1	-3.802442E-1
1.170000	4.130376E+1	-2.270185E-1
1.175000	3.781832E+1	-6.123322E-2
1.180000	2.776033E+1	1.095758E-1
1.185000	2.945326E+1	2.628016E-1
1.190000	3.104660E+1	4.135154E-1
1.195000	3.273953E+1	5.818125E-1
1.200000	3.074785E+1	7.375502E-1
1.205000	3.951124E+1	8.907759E-1
1.210000	3.871457E+1	1.064097E+0
1.215000	4.897173E+1	1.214811E+0
1.220000	4.777672E+1	1.373060E+0
1.225000	4.817506E+1	1.538845E+0
1.230000	6.241558E+1	1.699607E+0
1.235000	5.883055E+1	1.867904E+0
1.240000	6.809187E+1	2.026154E+0
1.245000	6.849020E+1	2.184403E+0
1.250000	6.938646E+1	2.352700E+0
1.255000	7.107939E+1	2.508438E+0
1.260000	7.336982E+1	2.666687E+0
1.265000	6.470601E+1	2.837497E+0
1.270000	6.281391E+1	3.000770E+0
1.275000	6.610018E+1	3.159019E+0
1.280000	4.628296E+1	3.184138E+0
1.285000	6.500476E+1	3.038448E+0
1.290000	6.301308E+1	2.887734E+0
1.295000	6.968521E+1	2.752092E+0
1.300000	7.237398E+1	2.621473E+0
1.305000	7.038230E+1	2.475783E+0
1.310000	7.187606E+1	2.337629E+0
1.315000	7.088022E+1	2.204498E+0
1.320000	7.018313E+1	2.061320E+0
1.325000	6.261474E+1	1.920654E+0
1.330000	6.918729E+1	1.787523E+0
1.335000	5.942805E+1	1.639321E+0
1.340000	5.773512E+1	1.508703E+0
1.345000	5.434927E+1	1.375572E+0
1.350000	4.827464E+1	1.237418E+0
1.355000	5.434927E+1	1.096752E+0
1.360000	3.990958E+1	9.560853E-1
1.365000	3.961083E+1	8.330023E-1
1.370000	4.190126E+1	7.023836E-1
1.375000	3.044910E+1	5.566936E-1
1.380000	3.552788E+1	4.185392E-1
1.385000	2.815866E+1	2.904324E-1
1.390000	2.756116E+1	1.598138E-1
1.395000	2.915450E+1	1.914750E-2
1.400000	3.393454E+1	-1.265426E-1
1.405000	2.776033E+1	-2.521374E-1
1.410000	4.249877E+1	-3.777323E-1
1.415000	3.961083E+1	-5.183986E-1
1.420000	4.289710E+1	-6.565529E-1
1.425000	5.424968E+1	-7.896835E-1
1.430000	5.036591E+1	-9.228141E-1
1.435000	6.580143E+1	-1.065992E+0
1.440000	6.371017E+1	-1.191587E+0
1.445000	6.540310E+1	-1.322206E+0
1.450000	7.575984E+1	-1.462872E+0
1.455000	7.287190E+1	-1.598514E+0
1.460000	7.267273E+1	-1.724109E+0
1.465000	6.918729E+1	-1.859752E+0
1.470000	7.167689E+1	-2.002930E+0
1.475000	6.371017E+1	-2.131037E+0
1.480000	7.167689E+1	-2.254120E+0
1.485000	5.783471E+1	-2.399810E+0
1.490000	6.241558E+1	-2.535452E+0
1.495000	5.564386E+1	-2.656023E+0
1.500000	4.508795E+1	-2.794178E+0
1.505000	4.678088E+1	-2.934844E+0
1.510000	4.070625E+1	-3.060439E+0
1.515000	4.060667E+1	-3.183522E+0
1.520000	3.552788E+1	-3.324188E+0
1.525000	3.024993E+1	-3.449783E+0
1.530000	2.995118E+1	-3.572866E+0
1.535000	2.805908E+1	-3.711020E+0
1.540000	2.646573E+1	-3.834103E+0
1.545000	2.606740E+1	-3.670830E+0
1.550000	2.795950E+1	-3.507557E+0
1.555000	3.493038E+1	-3.361867E+0
1.560000	3.353620E+1	-3.208641E+0
1.565000	3.831624E+1	-3.047879E+0
1.570000	4.937007E+1	-2.887118E+0
1.575000	3.981000E+1	-2.733892E+0
1.580000	5.415010E+1	-2.583178E+0
1.585000	5.305467E+1	-2.422417E+0
1.590000	6.550268E+1	-2.264167E+0
1.595000	6.271433E+1	-2.100894E+0
1.600000	6.679727E+1	-1.952692E+0
1.605000	7.157731E+1	-1.786907E+0
1.610000	7.566025E+1	-1.623633E+0
1.615000	7.566025E+1	-1.470408E+0
1.620000	7.137814E+1	-1.319694E+0
1.625000	7.307107E+1	-1.158932E+0
1.630000	6.550268E+1	-9.981710E-1
1.635000	6.400892E+1	-8.348976E-1
1.640000	5.813346E+1	-6.816719E-1
1.645000	4.080584E+1	-5.259343E-1
1.650000	5.415010E+1	-3.626609E-1
1.655000	3.273953E+1	-1.968757E-1
1.660000	3.463163E+1	-4.113804E-2
1.665000	3.184327E+1	1.120877E-1
1.670000	3.124577E+1	2.778729E-1
1.675000	2.985159E+1	4.411463E-1
1.680000	3.702164E+1	5.943720E-1
1.685000	3.015034E+1	7.526216E-1
1.690000	3.672289E+1	9.033354E-1
1.695000	5.225800E+1	1.074144E+0
1.700000	3.144494E+1	1.239930E+0
1.705000	5.932847E+1	1.395667E+0
1.710000	5.345301E+1	1.556429E+0
1.715000	5.375176E+1	1.712166E+0
1.720000	7.327024E+1	1.882975E+0
1.725000	4.698005E+1	2.038713E+0
1.730000	7.496316E+1	2.194451E+0
1.735000	7.157731E+1	2.355212E+0
1.740000	6.898812E+1	2.523509E+0
1.745000	5.534511E+1	2.694318E+0
1.750000	7.575984E+1	2.852568E+0
1.755000	4.717922E+1	3.018353E+0
1.760000	6.390934E+1	3.179115E+0
1.765000	6.858979E+1	3.161531E+0
1.770000	3.921249E+1	3.023377E+0
1.775000	7.227440E+1	2.885223E+0
1.780000	5.544469E+1	2.739533E+0
1.785000	7.018313E+1	2.598866E+0
1.790000	7.356899E+1	2.463224E+0
1.795000	6.281391E+1	2.322558E+0
1.800000	5.853180E+1	2.184403E+0
1.805000	7.386774E+1	2.048761E+0
1.810000	6.928687E+1	1.900559E+0
1.815000	5.594261E+1	1.777476E+0
1.820000	7.376816E+1	1.636809E+0
1.825000	4.349461E+1	1.496143E+0
1.830000	6.619977E+1	1.352965E+0
1.835000	4.867298E+1	1.224858E+0
1.840000	4.020833E+1	1.096752E+0
1.845000	5.375176E+1	9.535734E-1
1.850000	2.955284E+1	8.154190E-1
1.855000	4.379336E+1	6.772647E-1
1.860000	2.825825E+1	5.391103E-1
1.865000	2.785991E+1	4.084916E-1
1.870000	3.831624E+1	2.753611E-1
1.875000	3.771873E+1	1.447424E-1
1.880000	2.875617E+1	6.588017E-3
1.885000	3.263995E+1	-1.315663E-1
1.890000	4.150293E+1	-2.722326E-1
1.895000	2.785991E+1	-4.053632E-1
1.900000	6.450684E+1	-5.359818E-1
1.905000	3.951124E+1	-6.666005E-1
1.910000	5.753596E+1	-7.972192E-1
1.915000	6.729519E+1	-9.378854E-1
1.920000	4.548629E+1	-1.078552E+0
1.925000	7.376816E+1	-1.216706E+0
1.930000	6.809187E+1	-1.342301E+0
1.935000	7.257315E+1	-1.475432E+0
1.940000	7.217481E+1	-1.603538E+0
1.945000	6.978479E+1	-1.749228E+0
1.950000	6.171849E+1	-1.879847E+0
1.955000	7.058147E+1	-2.005442E+0
1.960000	7.048188E+1	-2.141084E+0
1.965000	5.584303E+1	-2.269191E+0
1.970000	6.321225E+1	-2.404834E+0
1.975000	4.976840E+1	-2.540476E+0
1.980000	5.096341E+1	-2.683654E+0
1.985000	4.937007E+1	-2.814273E+0
1.990000	3.941166E+1	-2.929820E+0
1.995000	4.010875E+1	-3.067975E+0
2.000000	3.114618E+1	-3.208641E+0
2.005000	3.473121E+1	-3.329212E+0
2.010000	2.686407E+1	-3.457319E+0
2.015000	2.666490E+1	-3.587937E+0
2.020000	2.656532E+1	-3.726092E+0
2.025000	2.955284E+1	-3.816520E+0
2.030000	2.825825E+1	-3.653247E+0
2.035000	3.015034E+1	-3.489973E+0
2.040000	2.417530E+1	-3.344283E+0
2.045000	4.150293E+1	-3.191058E+0
2.050000	3.632455E+1	-3.035320E+0
2.055000	3.911291E+1	-2.874558E+0
2.060000	5.046549E+1	-2.723845E+0
2.065000	4.668130E+1	-2.553036E+0
2.070000	5.584303E+1	-2.402322E+0
2.075000	6.072265E+1	-2.241560E+0
2.080000	5.992597E+1	-2.090846E+0
2.085000	6.639894E+1	-1.935109E+0
2.090000	7.406691E+1	-1.769324E+0
2.095000	7.058147E+1	-1.613586E+0
2.100000	6.998396E+1	-1.450313E+0
2.105000	6.819145E+1	-1.297087E+0
2.110000	7.426608E+1	-1.146373E+0
2.115000	7.207523E+1	-9.830996E-1
2.120000	4.976840E+1	-8.248501E-1
2.125000	6.500476E+1	-6.716243E-1
2.130000	5.265634E+1	-5.133748E-1
2.135000	3.413371E+1	-3.526133E-1
2.140000	4.678088E+1	-1.918519E-1
2.145000	2.875617E+1	-2.857855E-2
2.150000	3.114618E+1	1.321829E-1
2.155000	2.915450E+1	2.904324E-1
2.160000	2.955284E+1	4.511939E-1
2.165000	2.995118E+1	6.144672E-1
2.170000	3.463163E+1	7.752287E-1
2.175000	3.582663E+1	9.284544E-1
2.180000	3.831624E+1	1.089216E+0
2.185000	5.106299E+1	1.252489E+0
2.190000	4.688046E+1	1.408227E+0
2.195000	5.624136E+1	1.563964E+0
2.200000	6.122057E+1	1.737285E+0
2.205000	6.151932E+1	1.893023E+0
2.210000	7.336982E+1	2.058808E+0
2.215000	6.809187E+1	2.217058E+0
2.220000	7.107939E+1	2.370284E+0
2.225000	7.635734E+1	2.536069E+0
2.230000	7.516233E+1	2.704366E+0
2.235000	5.972681E+1	2.875175E+0
2.240000	6.530351E+1	3.043472E+0
2.245000	5.843221E+1	3.201722E+0
2.250000	5.086383E+1	3.141436E+0
2.255000	6.898812E+1	3.003282E+0
2.260000	5.614178E+1	2.865127E+0
2.265000	6.928687E+1	2.734509E+0
2.270000	7.496316E+1	2.593842E+0
2.275000	6.868937E+1	2.448152E+0
2.280000	6.769353E+1	2.302462E+0
2.285000	7.247356E+1	2.169332E+0
2.290000	7.207523E+1	2.036201E+0
2.295000	6.649852E+1	1.900559E+0
2.300000	7.247356E+1	1.752357E+0
2.305000	5.086383E+1	1.611691E+0
2.310000	6.789270E+1	1.478560E+0
2.315000	4.956923E+1	1.352965E+0
2.320000	5.086383E+1	1.209787E+0
2.325000	5.265634E+1	1.074144E+0
2.330000	3.433287E+1	9.359901E-1
2.335000	4.648213E+1	8.028595E-1
2.340000	3.194286E+1	6.722409E-1
2.345000	3.194286E+1	5.365984E-1
2.350000	3.054868E+1	3.934202E-1
2.355000	2.706324E+1	2.527540E-1
2.360000	2.776033E+1	1.196234E-1
2.365000	2.875617E+1	-5.971470E-3
2.370000	3.114618E+1	-1.391020E-1
2.375000	3.124577E+1	-2.822802E-1
2.380000	3.722081E+1	-4.179227E-1
2.385000	4.050708E+1	-5.485413E-1
2.390000	4.638254E+1	-6.766481E-1
2.395000	5.683887E+1	-8.248501E-1
2.400000	4.449045E+1	-9.554687E-1
2.405000	6.739478E+1	-1.088599E+0
2.410000	6.938646E+1	-1.229266E+0
2.415000	6.281391E+1	-1.354860E+0
2.420000	6.888854E+1	-1.485479E+0
2.425000	6.958563E+1	-1.628657E+0
2.430000	7.486358E+1	-1.751740E+0
2.435000	7.356899E+1	-1.884871E+0
2.440000	7.476400E+1	-2.025537E+0
2.445000	5.853180E+1	-2.156156E+0
2.450000	7.506275E+1	-2.289286E+0
2.455000	5.773512E+1	-2.422417E+0
2.460000	5.096341E+1	-2.545500E+0
2.465000	6.988438E+1	-2.691190E+0
2.470000	3.473121E+1	-2.821809E+0
2.475000	6.012514E+1	-2.944892E+0
2.480000	3.273953E+1	-3.085558E+0
2.485000	3.144494E+1	-3.216176E+0
2.490000	5.305467E+1	-3.344283E+0
2.495000	3.144494E+1	-3.477414E+0
2.500000	4.349461E+1	-3.605521E+0
2.505000	2.576865E+1	-3.738651E+0
2.510000	3.194286E+1	-3.798937E+0
2.515000	4.608379E+1	-3.635663E+0
2.520000	3.512955E+1	-3.479926E+0
2.525000	5.116258E+1	-3.331724E+0
2.530000	3.871457E+1	-3.170962E+0
2.535000	2.626657E+1	-3.015225E+0
2.540000	7.058147E+1	-2.867023E+0
2.545000	2.437447E+1	-2.703749E+0
2.550000	7.227440E+1	-2.537964E+0
2.555000	6.321225E+1	-2.394786E+0
2.560000	4.170209E+1	-2.231513E+0
2.565000	6.470601E+1	-2.063216E+0
2.570000	4.568546E+1	-1.915014E+0
2.575000	7.506275E+1	-1.761788E+0
2.580000	7.107939E+1	-1.593491E+0
2.585000	5.992597E+1	-1.440265E+0
2.590000	4.110459E+1	-1.284527E+0
2.595000	7.297148E+1	-1.118742E+0
2.600000	5.604220E+1	-9.680282E-1
2.605000	4.050708E+1	-8.072668E-1
2.610000	7.665609E+1	-6.439934E-1
2.615000	2.985159E+1	-4.857439E-1
2.620000	6.022473E+1	-3.350300E-1
2.625000	3.552788E+1	-1.617091E-1
2.630000	3.054868E+1	-1.099527E-2
2.635000	5.604220E+1	1.422305E-1
2.640000	4.130376E+1	3.055038E-1
2.645000	3.024993E+1	4.712891E-1
2.650000	2.845742E+1	6.245148E-1
2.655000	5.176008E+1	7.802524E-1
2.660000	2.776033E+1	9.485496E-1
2.665000	5.793429E+1	1.114335E+0
2.670000	4.289710E+1	1.262537E+0
2.675000	4.040750E+1	1.430834E+0
2.680000	6.968521E+1	1.596619E+0
2.685000	4.439086E+1	1.747333E+0
2.690000	7.456483E+1	1.903071E+0
2.695000	7.048188E+1	2.068856E+0
2.700000	6.590102E+1	2.232129E+0
2.705000	6.958563E+1	2.387867E+0
2.710000	7.277232E+1	2.558676E+0
2.715000	6.849020E+1	2.731997E+0
2.720000	6.311266E+1	2.882711E+0
2.725000	6.998396E+1	3.053520E+0
2.730000	4.767714E+1	3.224329E+0
2.735000	5.942805E+1	3.133900E+0
2.740000	5.982639E+1	2.985698E+0
2.745000	6.749436E+1	2.860104E+0
2.750000	7.147772E+1	2.711902E+0
2.755000	7.307107E+1	2.568723E+0
2.760000	7.117897E+1	2.430569E+0
2.765000	7.406691E+1	2.297439E+0
2.770000	7.028271E+1	2.151748E+0
2.775000	6.729519E+1	2.016106E+0
2.780000	6.809187E+1	1.882975E+0
2.785000	5.723720E+1	1.742309E+0
2.790000	6.689686E+1	1.606667E+0
2.795000	5.683887E+1	1.473536E+0
2.800000	4.837422E+1	1.332870E+0
2.805000	5.634095E+1	1.199739E+0
2.810000	4.329544E+1	1.066609E+0
2.815000	4.200085E+1	9.234306E-1
2.820000	3.931208E+1	7.877881E-1
2.825000	3.682248E+1	6.571695E-1
2.830000	3.094702E+1	5.139913E-1
2.835000	2.825825E+1	3.708132E-1
2.840000	2.805908E+1	2.452183E-1
2.845000	3.104660E+1	1.120877E-1
2.850000	2.955284E+1	-3.109045E-2
2.855000	3.164410E+1	-1.591972E-1
2.860000	4.329544E+1	-2.847921E-1
2.865000	3.313787E+1	-4.304821E-1
2.870000	4.349461E+1	-5.636127E-1
2.875000	5.375176E+1	-6.942314E-1
2.880000	4.917090E+1	-8.323857E-1
2.885000	5.942805E+1	-9.680282E-1
2.890000	6.480559E+1	-1.096135E+0
2.895000	6.809187E+1	-1.236801E+0
2.900000	6.550268E+1	-1.369932E+0
2.905000	7.257315E+1	-1.495527E+0
2.910000	7.117897E+1	-1.631169E+0
2.915000	6.948604E+1	-1.774347E+0
2.920000	6.739478E+1	-1.902454E+0
2.925000	6.540310E+1	-2.030561E+0
2.930000	6.470601E+1	-2.171227E+0
2.935000	5.464802E+1	-2.309381E+0
2.940000	5.524552E+1	-2.434976E+0
2.945000	5.863138E+1	-2.565595E+0
2.950000	4.299669E+1	-2.701237E+0
2.955000	4.698005E+1	-2.839392E+0
2.960000	4.538670E+1	-2.964987E+0
2.965000	3.741998E+1	-3.098117E+0
2.970000	3.622497E+1	-3.233760E+0
2.975000	3.632455E+1	-3.359355E+0
2.980000	2.746157E+1	-3.482438E+0
2.985000	2.835783E+1	-3.628128E+0
2.990000	3.015034E+1	-3.753723E+0
2.995000	2.835783E+1	-3.771306E+0
3.000000	2.795950E+1	-3.620592E+0
3.005000	3.044910E+1	-3.467366E+0
3.010000	3.224161E+1	-3.306605E+0
3.015000	3.851540E+1	-3.155891E+0
3.020000	3.064826E+1	-3.007689E+0
3.025000	4.907131E+1	-2.841904E+0
3.030000	5.026632E+1	-2.683654E+0
3.035000	4.558587E+1	-2.527917E+0
3.040000	6.092181E+1	-2.367155E+0
3.045000	5.255675E+1	-2.206394E+0
3.050000	6.231599E+1	-2.058192E+0
3.055000	6.918729E+1	-1.897430E+0
3.060000	6.231599E+1	-1.731645E+0
3.065000	6.779311E+1	-1.583443E+0
3.070000	6.998396E+1	-1.427705E+0
3.075000	7.008355E+1	-1.259408E+0
3.080000	6.520393E+1	-1.108694E+0
3.085000	6.739478E+1	-9.579806E-1
3.090000	4.777672E+1	-7.896835E-1
3.095000	6.062306E+1	-6.289221E-1
3.100000	4.937007E+1	-4.782082E-1
3.105000	3.224161E+1	-3.124230E-1
3.110000	5.464802E+1	-1.541734E-1
3.115000	2.835783E+1	4.076120E-3
3.120000	2.975201E+1	1.598138E-1
3.125000	2.925409E+1	3.306228E-1
3.130000	4.429128E+1	4.763129E-1
3.135000	3.194286E+1	6.496338E-1
3.140000	3.951124E+1	8.053714E-1
3.145000	3.881416E+1	9.636210E-1
3.150000	3.542830E+1	1.131918E+0
3.155000	6.072265E+1	1.285144E+0
3.160000	3.542830E+1	1.440881E+0
3.165000	6.629935E+1	1.609179E+0
3.170000	5.823305E+1	1.764916E+0
3.175000	5.464802E+1	1.918142E+0
3.180000	6.819145E+1	2.093975E+0
3.185000	5.345301E+1	2.249712E+0
3.190000	6.560226E+1	2.407962E+0
3.195000	7.018313E+1	2.581283E+0
3.200000	6.849020E+1	2.742044E+0
3.205000	4.429128E+1	2.902806E+0
3.210000	7.028271E+1	3.076127E+0
3.215000	3.741998E+1	3.229353E+0
3.220000	6.251516E+1	3.118829E+0
3.225000	6.998396E+1	2.983187E+0
3.230000	5.026632E+1	2.832473E+0
3.235000	7.107939E+1	2.696830E+0
3.240000	5.584303E+1	2.563700E+0
3.245000	6.918729E+1	2.420522E+0
3.250000	7.018313E+1	2.277343E+0
3.255000	6.809187E+1	2.146725E+0
3.260000	5.295509E+1	1.998523E+0
3.265000	7.127856E+1	1.865392E+0
3.270000	5.922889E+1	1.727238E+0
3.275000	5.634095E+1	1.594107E+0
3.280000	6.112098E+1	1.460977E+0
3.285000	4.319585E+1	1.312775E+0
3.290000	6.231599E+1	1.184668E+0
3.295000	4.289710E+1	1.059073E+0
3.300000	3.512955E+1	9.033354E-1
3.305000	4.767714E+1	7.727168E-1
3.310000	2.935367E+1	6.370743E-1
3.315000	3.732040E+1	5.014318E-1
3.320000	2.706324E+1	3.708132E-1
3.325000	2.915450E+1	2.251231E-1
3.330000	2.995118E+1	1.045520E-1
3.335000	3.612539E+1	-3.611424E-2
3.340000	2.835783E+1	-1.792924E-1
3.345000	3.662331E+1	-3.073992E-1
3.350000	4.558587E+1	-4.380178E-1
3.355000	3.303828E+1	-5.837079E-1
3.360000	5.624136E+1	-7.118147E-1
3.365000	4.797589E+1	-8.499690E-1
3.370000	5.763554E+1	-9.881234E-1
3.375000	6.619977E+1	-1.108694E+0
3.380000	5.813346E+1	-1.244337E+0
3.385000	6.938646E+1	-1.385003E+0
3.390000	7.038230E+1	-1.505574E+0
3.395000	6.928687E+1	-1.648752E+0
3.400000	7.008355E+1	-1.781883E+0
3.405000	6.878895E+1	-1.917525E+0
3.410000	6.460642E+1	-2.058192E+0
3.415000	6.550268E+1	-2.183787E+0
3.420000	5.853180E+1	-2.319429E+0
3.425000	6.002556E+1	-2.457583E+0
3.430000	5.305467E+1	-2.583178E+0
3.435000	5.166050E+1	-2.713797E+0
3.440000	5.156091E+1	-2.851951E+0
3.445000	4.020833E+1	-2.980058E+0
3.450000	4.020833E+1	-3.110677E+0
3.455000	3.712123E+1	-3.248831E+0
3.460000	3.194286E+1	-3.366890E+0
3.465000	2.835783E+1	-3.505045E+0
3.470000	2.785991E+1	-3.645711E+0
3.475000	2.845742E+1	-3.768794E+0
3.480000	2.636615E+1	-3.753723E+0
3.485000	3.005076E+1	-3.613056E+0
3.490000	3.154452E+1	-3.449783E+0
3.495000	3.244078E+1	-3.291533E+0
3.500000	3.751956E+1	-3.140820E+0
3.505000	3.612539E+1	-2.990106E+0
3.510000	4.976840E+1	-2.824320E+0
3.515000	4.787630E+1	-2.666071E+0
3.520000	4.777672E+1	-2.512845E+0
3.525000	6.311266E+1	-2.352084E+0
3.530000	5.982639E+1	-2.191322E+0
3.535000	6.540310E+1	-2.043120E+0
3.540000	6.321225E+1	-1.882359E+0
3.545000	7.018313E+1	-1.719086E+0
3.550000	6.938646E+1	-1.563348E+0
3.555000	6.938646E+1	-1.412634E+0
3.560000	6.600060E+1	-1.254385E+0
3.565000	6.739478E+1	-1.086087E+0
3.570000	6.301308E+1	-9.328616E-1
3.575000	5.156091E+1	-7.771240E-1
3.580000	5.215842E+1	-6.138507E-1
3.585000	4.498837E+1	-4.505773E-1
3.590000	4.478920E+1	-2.948397E-1
3.595000	3.493038E+1	-1.441258E-1
3.600000	3.114618E+1	1.914750E-2
3.605000	3.413371E+1	1.874446E-1
3.610000	2.835783E+1	3.431823E-1
3.615000	2.736199E+1	4.938961E-1
3.620000	2.825825E+1	6.596814E-1
3.625000	3.672289E+1	8.279785E-1
3.630000	3.901332E+1	9.786924E-1
3.635000	4.498837E+1	1.141966E+0
3.640000	4.269793E+1	1.305239E+0
3.645000	5.743637E+1	1.458465E+0
3.650000	5.902972E+1	1.614202E+0
3.655000	5.514594E+1	1.787523E+0
3.660000	6.201724E+1	1.943261E+0
3.665000	6.928687E+1	2.096487E+0
3.670000	6.998396E+1	2.267296E+0
3.675000	6.958563E+1	2.438105E+0
3.680000	6.858979E+1	2.591331E+0
3.685000	6.938646E+1	2.757116E+0
3.690000	6.958563E+1	2.927925E+0
3.695000	6.042389E+1	3.083662E+0
3.700000	5.584303E+1	3.244424E+0
3.705000	6.042389E+1	3.113805E+0
3.710000	6.550268E+1	2.963091E+0
3.715000	6.729519E+1	2.817401E+0
3.720000	6.779311E+1	2.689295E+0
3.725000	6.978479E+1	2.543604E+0
3.730000	6.998396E+1	2.402938E+0
3.735000	6.779311E+1	2.259760E+0
3.740000	6.619977E+1	2.119094E+0
3.745000	6.998396E+1	1.993499E+0
3.750000	6.600060E+1	1.850321E+0
3.755000	6.530351E+1	1.714678E+0
3.760000	5.215842E+1	1.584060E+0
3.765000	5.534511E+1	1.433346E+0
3.770000	5.405052E+1	1.302727E+0
3.775000	5.046549E+1	1.169597E+0
3.780000	4.986799E+1	1.023907E+0
3.785000	4.349461E+1	8.932878E-1
3.790000	3.423329E+1	7.601573E-1
3.795000	3.024993E+1	6.220029E-1
3.800000	2.785991E+1	4.813366E-1
3.805000	2.985159E+1	3.607656E-1
3.810000	2.795950E+1	2.200993E-1
3.815000	2.766074E+1	7.692115E-2
3.820000	2.835783E+1	-4.616183E-2
3.825000	3.981000E+1	-1.818043E-1
3.830000	4.020833E+1	-3.249825E-1
3.835000	3.751956E+1	-4.631368E-1
3.840000	3.831624E+1	-5.937555E-1
3.845000	4.508795E+1	-7.243742E-1
3.850000	5.584303E+1	-8.575047E-1
3.855000	5.753596E+1	-9.981710E-1
3.860000	6.341142E+1	-1.126278E+0
3.865000	6.629935E+1	-1.271968E+0
3.870000	6.739478E+1	-1.395051E+0
3.875000	6.839062E+1	-1.523158E+0
3.880000	6.988438E+1	-1.668848E+0
3.885000	7.147772E+1	-1.799466E+0
3.890000	6.540310E+1	-1.932597E+0
3.895000	6.610018E+1	-2.070751E+0
3.900000	5.853180E+1	-2.196346E+0
3.905000	6.171849E+1	-2.339524E+0
3.910000	6.072265E+1	-2.465119E+0
3.915000	5.504636E+1	-2.595738E+0
3.920000	4.887214E+1	-2.728868E+0
3.925000	4.787630E+1	-2.854463E+0
3.930000	5.006715E+1	-2.997641E+0
3.935000	4.170209E+1	-3.115701E+0
3.940000	3.662331E+1	-3.261391E+0
3.945000	3.263995E+1	-3.389497E+0
3.950000	2.875617E+1	-3.522628E+0
3.955000	2.915450E+1	-3.650735E+0
3.960000	2.517114E+1	-3.781353E+0
3.965000	2.885575E+1	-3.746187E+0
3.970000	2.905492E+1	-3.587937E+0
3.975000	3.124577E+1	-3.437223E+0
3.980000	3.084743E+1	-3.281486E+0
3.985000	3.433287E+1	-3.123236E+0
3.990000	4.259835E+1	-2.959963E+0
3.995000	4.449045E+1	-2.816785E+0
4.000000	4.578504E+1	-2.643464E+0
4.005000	5.663970E+1	-2.492750E+0
4.010000	5.644053E+1	-2.337012E+0
4.015000	6.311266E+1	-2.181275E+0
4.020000	6.122057E+1	-2.025537E+0
4.025000	6.570185E+1	-1.854728E+0
4.030000	7.277232E+1	-1.709038E+0
4.035000	6.868937E+1	-1.548277E+0
4.040000	6.898812E+1	-1.392539E+0
4.045000	6.809187E+1	-1.244337E+0
4.050000	6.301308E+1	-1.063480E+0
4.055000	6.191765E+1	-9.152784E-1
4.060000	5.902972E+1	-7.570288E-1
4.065000	4.439086E+1	-5.937555E-1
4.070000	4.727880E+1	-4.380178E-1
4.075000	4.299669E+1	-2.847921E-1
4.080000	3.493038E+1	-1.164950E-1
4.085000	3.263995E+1	3.673079E-2
4.090000	2.865658E+1	1.899565E-1
4.095000	2.766074E+1	3.607656E-1
4.100000	3.064826E+1	5.190151E-1
4.105000	3.582663E+1	6.797765E-1
4.110000	3.413371E+1	8.505856E-1
4.115000	4.130376E+1	9.887399E-1
4.120000	4.558587E+1	1.157037E+0
4.125000	4.588462E+1	1.315287E+0
4.130000	5.663970E+1	1.473536E+0
4.135000	5.833263E+1	1.644345E+0
4.140000	5.912930E+1	1.797571E+0
4.145000	6.799228E+1	1.960844E+0
4.150000	6.629935E+1	2.131653E+0
4.155000	6.858979E+1	2.279855E+0
4.160000	7.167689E+1	2.450664E+0
4.165000	6.739478E+1	2.613938E+0
4.170000	6.998396E+1	2.779723E+0
4.175000	6.092181E+1	2.945508E+0
4.180000	5.773512E+1	3.093710E+0
4.185000	5.713762E+1	3.234376E+0
4.190000	5.405052E+1	3.101246E+0
4.195000	6.321225E+1	2.950532E+0
4.200000	6.649852E+1	2.807354E+0
4.205000	6.639894E+1	2.676735E+0
4.210000	7.267273E+1	2.528533E+0
4.215000	6.948604E+1	2.380331E+0
4.220000	6.849020E+1	2.249712E+0
4.225000	6.918729E+1	2.111558E+0
4.230000	6.809187E+1	1.980939E+0
4.235000	6.530351E+1	1.842785E+0
4.240000	6.261474E+1	1.697095E+0
4.245000	6.251516E+1	1.568988E+0
4.250000	6.072265E+1	1.425810E+0
4.255000	5.654012E+1	1.290168E+0
4.260000	4.857339E+1	1.159549E+0
4.265000	4.927048E+1	1.013859E+0
4.270000	4.439086E+1	8.832402E-1
4.275000	3.881416E+1	7.450859E-1
4.280000	3.931208E+1	6.019077E-1
4.285000	3.154452E+1	4.813366E-1
4.290000	3.184327E+1	3.406704E-1
4.295000	3.124577E+1	2.000041E-1
4.300000	3.024993E+1	7.440925E-2
4.305000	2.825825E+1	-6.374511E-2
4.310000	3.463163E+1	-2.044114E-1
4.315000	3.234119E+1	-3.350300E-1
4.320000	3.443246E+1	-4.731844E-1
4.325000	4.548629E+1	-6.113388E-1
4.330000	4.389294E+1	-7.344217E-1
4.335000	5.225800E+1	-8.750880E-1
4.340000	5.494677E+1	-1.008219E+0
4.345000	5.614178E+1	-1.136325E+0
4.350000	6.520393E+1	-1.274480E+0
4.355000	6.679727E+1	-1.410122E+0
4.360000	6.988438E+1	-1.538229E+0
4.365000	6.988438E+1	-1.683919E+0
4.370000	7.167689E+1	-1.809514E+0
4.375000	6.938646E+1	-1.940133E+0
4.380000	7.038230E+1	-2.085823E+0
4.385000	6.331183E+1	-2.213929E+0
4.390000	6.430767E+1	-2.342036E+0
4.395000	6.341142E+1	-2.477679E+0
4.400000	5.564386E+1	-2.603273E+0
4.405000	6.390934E+1	-2.746452E+0
4.410000	5.235759E+1	-2.867023E+0
4.415000	4.698005E+1	-3.005177E+0
4.420000	4.190126E+1	-3.138308E+0
4.425000	3.881416E+1	-3.263903E+0
4.430000	3.871457E+1	-3.407081E+0
4.435000	2.845742E+1	-3.535187E+0
4.440000	3.054868E+1	-3.658270E+0
4.445000	2.746157E+1	-3.793913E+0
4.450000	2.776033E+1	-3.736139E+0
4.455000	3.493038E+1	-3.577890E+0
4.460000	3.024993E+1	-3.424664E+0
4.465000	3.791790E+1	-3.268926E+0
4.470000	4.339502E+1	-3.105653E+0
4.475000	3.941166E+1	-2.944892E+0
4.480000	5.345301E+1	-2.791666E+0
4.485000	5.693845E+1	-2.635928E+0
4.490000	5.823305E+1	-2.480191E+0
4.495000	6.022473E+1	-2.314405E+0
4.500000	6.261474E+1	-2.166203E+0
4.505000	7.336982E+1	-2.015489E+0
4.510000	7.068105E+1	-1.839657E+0
4.515000	7.018313E+1	-1.686431E+0
4.520000	7.028271E+1	-1.538229E+0
4.525000	7.058147E+1	-1.374956E+0
4.530000	6.540310E+1	-1.209170E+0
4.535000	6.839062E+1	-1.055945E+0
4.540000	5.663970E+1	-9.052308E-1
4.545000	5.484719E+1	-7.394455E-1
4.550000	5.096341E+1	-5.761722E-1
4.555000	3.582663E+1	-4.279703E-1
4.560000	4.060667E+1	-2.697207E-1
4.565000	3.433287E+1	-1.064474E-1
4.570000	3.024993E+1	5.682597E-2
4.575000	2.746157E+1	2.200993E-1
4.580000	2.855700E+1	3.657894E-1
4.585000	2.965242E+1	5.315746E-1
4.590000	3.124577E+1	7.048955E-1
4.595000	3.493038E+1	8.530975E-1
4.600000	3.542830E+1	1.008835E+0
4.605000	4.807547E+1	1.174620E+0
4.610000	4.767714E+1	1.337894E+0
4.615000	5.773512E+1	1.491119E+0
4.620000	5.743637E+1	1.646857E+0
4.625000	6.221641E+1	1.815154E+0
4.630000	6.619977E+1	1.983451E+0
4.635000	6.819145E+1	2.131653E+0
4.640000	7.028271E+1	2.299950E+0
4.645000	7.426608E+1	2.470759E+0
4.650000	7.078063E+1	2.629009E+0
4.655000	6.580143E+1	2.787259E+0
4.660000	6.619977E+1	2.953044E+0
4.665000	5.564386E+1	3.118829E+0
4.670000	5.325384E+1	3.211769E+0
4.675000	5.972681E+1	3.076127E+0
4.680000	5.703804E+1	2.942996E+0
4.685000	7.177648E+1	2.794794E+0
4.690000	6.938646E+1	2.649104E+0
4.695000	6.888854E+1	2.520997E+0
4.700000	6.839062E+1	2.372795E+0
4.705000	7.187606E+1	2.237153E+0
4.710000	6.849020E+1	2.106534E+0
4.715000	6.779311E+1	1.955820E+0
4.720000	6.281391E+1	1.822690E+0
4.725000	6.321225E+1	1.692071E+0
4.730000	6.261474E+1	1.543869E+0
4.735000	5.474760E+1	1.413251E+0
4.740000	5.096341E+1	1.275096E+0
4.745000	5.126216E+1	1.139454E+0
4.750000	4.259835E+1	1.003811E+0
4.755000	4.239918E+1	8.706808E-1
4.760000	3.572705E+1	7.275026E-1
4.765000	3.592622E+1	6.044196E-1
4.770000	2.855700E+1	4.662653E-1
4.775000	2.756116E+1	3.306228E-1
4.780000	2.785991E+1	1.949803E-1
4.785000	3.074785E+1	5.431407E-2
4.790000	3.234119E+1	-7.379270E-2
4.795000	3.174369E+1	-2.169709E-1
4.800000	3.990958E+1	-3.501014E-1
4.805000	4.120417E+1	-4.782082E-1
4.810000	4.787630E+1	-6.238983E-1
4.815000	4.727880E+1	-7.444693E-1
4.820000	5.454844E+1	-8.876475E-1
4.825000	6.281391E+1	-1.020778E+0
4.830000	6.420809E+1	-1.153909E+0
4.835000	6.888854E+1	-1.289551E+0
4.840000	6.809187E+1	-1.415146E+0
4.845000	7.147772E+1	-1.563348E+0
4.850000	7.287190E+1	-1.688943E+0
4.855000	7.157731E+1	-1.822073E+0
4.860000	7.018313E+1	-1.962740E+0
4.865000	7.167689E+1	-2.085823E+0
4.870000	6.520393E+1	-2.221465E+0
4.875000	6.311266E+1	-2.359619E+0
4.880000	6.460642E+1	-2.482702E+0
4.885000	5.365218E+1	-2.620857E+0
4.890000	5.823305E+1	-2.753987E+0
4.895000	4.837422E+1	-2.884606E+0
4.900000	4.200085E+1	-3.022760E+0
4.905000	3.921249E+1	-3.150867E+0
4.910000	2.865658E+1	-3.276462E+0
4.915000	3.094702E+1	-3.419640E+0
4.920000	2.895534E+1	-3.545235E+0
4.925000	2.835783E+1	-3.670830E+0
4.930000	2.736199E+1	-3.808984E+0
4.935000	2.855700E+1	-3.718556E+0
4.940000	2.507156E+1	-3.557795E+0
4.945000	3.084743E+1	-3.404569E+0
4.950000	3.532871E+1	-3.253855E+0
4.955000	4.478920E+1	-3.090582E+0
4.960000	4.100501E+1	-2.927308E+0
4.965000	5.106299E+1	-2.779106E+0
4.970000	5.106299E+1	-2.628392E+0
4.975000	5.295509E+1	-2.455072E+0
4.980000	6.988438E+1	-2.309381E+0
4.985000	6.580143E+1	-2.158668E+0
4.990000	6.500476E+1	-1.990370E+0
4.995000	7.078063E+1	-1.832121E+0
5.000000	7.157731E+1	-1.683919E+0

