date/time: .08/11/2023.02:57 p.m.
Run 1

time	(LX)	(V)
0.000000	7.984278E+1	2.297439E+0
0.005000	6.858979E+1	2.495878E+0
0.010000	8.522032E+1	2.696830E+0
0.015000	5.494677E+1	2.890246E+0
0.020000	6.400892E+1	3.088686E+0
0.025000	5.962722E+1	3.201722E+0
0.030000	4.767714E+1	3.025889E+0
0.035000	7.824944E+1	2.857592E+0
0.040000	6.291350E+1	2.681759E+0
0.045000	8.024112E+1	2.513462E+0
0.050000	8.512074E+1	2.342653E+0
0.055000	7.864777E+1	2.179379E+0
0.060000	7.615817E+1	2.008570E+0
0.065000	8.143613E+1	1.845297E+0
0.070000	7.446524E+1	1.677000E+0
0.075000	6.918729E+1	1.506191E+0
0.080000	6.769353E+1	1.342917E+0
0.085000	4.658171E+1	1.174620E+0
0.090000	6.042389E+1	1.013859E+0
0.095000	3.532871E+1	8.480737E-1
0.100000	2.985159E+1	6.822884E-1
0.105000	2.995118E+1	5.215270E-1
0.110000	2.258196E+1	3.582537E-1
0.115000	2.387655E+1	1.974922E-1
0.120000	1.999277E+1	3.421889E-2
0.125000	2.477281E+1	-1.365901E-1
0.130000	2.556948E+1	-3.023754E-1
0.135000	3.333703E+1	-4.631368E-1
0.140000	3.154452E+1	-6.339458E-1
0.145000	4.688046E+1	-7.972192E-1
0.150000	6.361058E+1	-9.630044E-1
0.155000	5.883055E+1	-1.123766E+0
0.160000	6.968521E+1	-1.287039E+0
0.165000	7.426608E+1	-1.445289E+0
0.170000	8.203363E+1	-1.608562E+0
0.175000	8.302947E+1	-1.769324E+0
0.180000	8.243197E+1	-1.937621E+0
0.185000	8.292989E+1	-2.090846E+0
0.190000	8.372656E+1	-2.254120E+0
0.195000	7.247356E+1	-2.417393E+0
0.200000	6.619977E+1	-2.580666E+0
0.205000	6.052348E+1	-2.748964E+0
0.210000	4.956923E+1	-2.904701E+0
0.215000	4.498837E+1	-3.067975E+0
0.220000	3.473121E+1	-3.226224E+0
0.225000	2.477281E+1	-3.386986E+0
0.230000	2.596781E+1	-3.545235E+0
0.235000	2.039111E+1	-3.708508E+0
0.240000	1.979360E+1	-3.803960E+0
0.245000	2.307988E+1	-3.610544E+0
0.250000	2.537031E+1	-3.414616E+0
0.255000	3.204244E+1	-3.221200E+0
0.260000	3.781832E+1	-3.035320E+0
0.265000	4.598421E+1	-2.844416E+0
0.270000	6.201724E+1	-2.658535E+0
0.275000	5.883055E+1	-2.472655E+0
0.280000	7.416649E+1	-2.274215E+0
0.285000	7.456483E+1	-2.085823E+0
0.290000	8.302947E+1	-1.882359E+0
0.295000	8.571824E+1	-1.691455E+0
0.300000	8.123696E+1	-1.498039E+0
0.305000	7.366857E+1	-1.302111E+0
0.310000	7.406691E+1	-1.108694E+0
0.315000	6.570185E+1	-9.152784E-1
0.320000	4.658171E+1	-7.243742E-1
0.325000	4.419169E+1	-5.334699E-1
0.330000	3.353620E+1	-3.375419E-1
0.335000	2.815866E+1	-1.441258E-1
0.340000	2.088903E+1	4.929027E-2
0.345000	1.989319E+1	2.427064E-1
0.350000	2.148653E+1	4.411463E-1
0.355000	2.795950E+1	6.345624E-1
0.360000	2.656532E+1	8.254666E-1
0.365000	3.741998E+1	1.021395E+0
0.370000	4.548629E+1	1.217323E+0
0.375000	4.946965E+1	1.410739E+0
0.380000	7.048188E+1	1.604155E+0
0.385000	7.237398E+1	1.805107E+0
0.390000	8.352739E+1	1.998523E+0
0.395000	8.173488E+1	2.191939E+0
0.400000	8.442365E+1	2.390379E+0
0.405000	7.575984E+1	2.588819E+0
0.410000	7.785110E+1	2.789770E+0
0.415000	6.191765E+1	2.990722E+0
0.420000	5.464802E+1	3.196698E+0
0.425000	6.022473E+1	3.123853E+0
0.430000	6.331183E+1	2.953044E+0
0.435000	7.187606E+1	2.782235E+0
0.440000	7.317065E+1	2.616450E+0
0.445000	7.884694E+1	2.448152E+0
0.450000	8.143613E+1	2.274831E+0
0.455000	8.402531E+1	2.104022E+0
0.460000	7.874736E+1	1.938237E+0
0.465000	7.197564E+1	1.764916E+0
0.470000	7.486358E+1	1.594107E+0
0.475000	7.137814E+1	1.433346E+0
0.480000	6.679727E+1	1.270072E+0
0.485000	4.847381E+1	1.104287E+0
0.490000	4.190126E+1	9.359901E-1
0.495000	3.015034E+1	7.727168E-1
0.500000	2.457364E+1	6.069315E-1
0.505000	2.785991E+1	4.361225E-1
0.510000	2.377697E+1	2.728492E-1
0.515000	2.208404E+1	1.120877E-1
0.520000	2.347821E+1	-4.867373E-2
0.525000	2.825825E+1	-2.119471E-1
0.530000	2.726241E+1	-3.777323E-1
0.535000	3.652372E+1	-5.460294E-1
0.540000	4.050708E+1	-7.093028E-1
0.545000	5.893013E+1	-8.750880E-1
0.550000	6.619977E+1	-1.038361E+0
0.555000	6.639894E+1	-1.206658E+0
0.560000	7.307107E+1	-1.367420E+0
0.565000	7.566025E+1	-1.530693E+0
0.570000	8.402531E+1	-1.693967E+0
0.575000	8.243197E+1	-1.854728E+0
0.580000	8.213322E+1	-2.012978E+0
0.585000	7.715401E+1	-2.173739E+0
0.590000	7.416649E+1	-2.329477E+0
0.595000	6.132015E+1	-2.492750E+0
0.600000	6.251516E+1	-2.661047E+0
0.605000	5.554428E+1	-2.819297E+0
0.610000	4.220001E+1	-2.987594E+0
0.615000	3.931208E+1	-3.143331E+0
0.620000	2.736199E+1	-3.306605E+0
0.625000	2.756116E+1	-3.459831E+0
0.630000	2.278112E+1	-3.618080E+0
0.635000	2.059028E+1	-3.783865E+0
0.640000	1.939527E+1	-3.711020E+0
0.645000	2.068986E+1	-3.520116E+0
0.650000	2.835783E+1	-3.331724E+0
0.655000	3.333703E+1	-3.138308E+0
0.660000	3.891374E+1	-2.957451E+0
0.665000	5.723720E+1	-2.764035E+0
0.670000	5.922889E+1	-2.573131E+0
0.675000	6.600060E+1	-2.374691E+0
0.680000	7.496316E+1	-2.181275E+0
0.685000	7.874736E+1	-1.982835E+0
0.690000	8.442365E+1	-1.796954E+0
0.695000	8.163530E+1	-1.603538E+0
0.700000	7.795069E+1	-1.415146E+0
0.705000	7.575984E+1	-1.221730E+0
0.710000	6.829103E+1	-1.030826E+0
0.715000	5.763554E+1	-8.399214E-1
0.720000	5.654012E+1	-6.439934E-1
0.725000	3.941166E+1	-4.480654E-1
0.730000	3.254036E+1	-2.521374E-1
0.735000	2.477281E+1	-5.620942E-2
0.740000	2.068986E+1	1.422305E-1
0.745000	2.029152E+1	3.381585E-1
0.750000	2.307988E+1	5.290627E-1
0.755000	2.746157E+1	7.199669E-1
0.760000	3.254036E+1	9.133830E-1
0.765000	4.419169E+1	1.106799E+0
0.770000	4.618338E+1	1.297703E+0
0.775000	5.932847E+1	1.496143E+0
0.780000	6.699644E+1	1.694583E+0
0.785000	7.187606E+1	1.893023E+0
0.790000	8.024112E+1	2.091463E+0
0.795000	8.312906E+1	2.292415E+0
0.800000	7.814985E+1	2.488343E+0
0.805000	7.386774E+1	2.689295E+0
0.810000	7.107939E+1	2.892758E+0
0.815000	5.962722E+1	3.093710E+0
0.820000	5.275592E+1	3.211769E+0
0.825000	5.843221E+1	3.040960E+0
0.830000	6.520393E+1	2.870151E+0
0.835000	7.317065E+1	2.689295E+0
0.840000	7.566025E+1	2.518486E+0
0.845000	8.292989E+1	2.357724E+0
0.850000	8.412490E+1	2.189427E+0
0.855000	8.292989E+1	2.018618E+0
0.860000	7.346940E+1	1.852833E+0
0.865000	7.795069E+1	1.689559E+0
0.870000	6.540310E+1	1.521262E+0
0.875000	6.201724E+1	1.352965E+0
0.880000	5.693845E+1	1.197227E+0
0.885000	3.642414E+1	1.028930E+0
0.890000	5.096341E+1	8.530975E-1
0.895000	2.945326E+1	6.898241E-1
0.900000	2.437447E+1	5.165032E-1
0.905000	3.263995E+1	3.557418E-1
0.910000	2.337863E+1	1.924684E-1
0.915000	2.039111E+1	3.170699E-2
0.920000	2.258196E+1	-1.265426E-1
0.925000	3.303828E+1	-2.898159E-1
0.930000	2.885575E+1	-4.556011E-1
0.935000	5.086383E+1	-6.238983E-1
0.940000	4.170209E+1	-7.921954E-1
0.945000	5.355259E+1	-9.630044E-1
0.950000	6.819145E+1	-1.118742E+0
0.955000	5.962722E+1	-1.271968E+0
0.960000	7.934486E+1	-1.440265E+0
0.965000	7.854819E+1	-1.606050E+0
0.970000	8.243197E+1	-1.766812E+0
0.975000	7.834902E+1	-1.932597E+0
0.980000	8.253155E+1	-2.093358E+0
0.985000	7.267273E+1	-2.256632E+0
0.990000	7.655651E+1	-2.412369E+0
0.995000	6.610018E+1	-2.573131E+0
1.000000	5.106299E+1	-2.736404E+0
1.005000	6.082223E+1	-2.902189E+0
1.010000	3.831624E+1	-3.065463E+0
1.015000	4.180168E+1	-3.226224E+0
1.020000	2.955284E+1	-3.386986E+0
1.025000	2.178528E+1	-3.540211E+0
1.030000	2.307988E+1	-3.698461E+0
1.035000	2.158612E+1	-3.801449E+0
1.040000	2.347821E+1	-3.615568E+0
1.045000	2.497197E+1	-3.419640E+0
1.050000	2.716282E+1	-3.231248E+0
1.055000	4.060667E+1	-3.045367E+0
1.060000	3.781832E+1	-2.861999E+0
1.065000	6.271433E+1	-2.671095E+0
1.070000	6.610018E+1	-2.480191E+0
1.075000	7.137814E+1	-2.281751E+0
1.080000	7.795069E+1	-2.090846E+0
1.085000	7.844861E+1	-1.892406E+0
1.090000	8.541949E+1	-1.706526E+0
1.095000	7.954403E+1	-1.518134E+0
1.100000	7.546109E+1	-1.317182E+0
1.105000	6.420809E+1	-1.116230E+0
1.110000	7.048188E+1	-9.253260E-1
1.115000	4.588462E+1	-7.369336E-1
1.120000	4.757755E+1	-5.460294E-1
1.125000	3.811707E+1	-3.576371E-1
1.130000	2.666490E+1	-1.642210E-1
1.135000	2.935367E+1	2.919509E-2
1.140000	1.949485E+1	2.251231E-1
1.145000	2.029152E+1	4.235630E-1
1.150000	2.298029E+1	6.245148E-1
1.155000	3.542830E+1	8.179309E-1
1.160000	3.054868E+1	1.021395E+0
1.165000	4.917090E+1	1.212299E+0
1.170000	5.564386E+1	1.403203E+0
1.175000	6.261474E+1	1.599131E+0
1.180000	7.665609E+1	1.790035E+0
1.185000	7.516233E+1	1.983451E+0
1.190000	8.223280E+1	2.186915E+0
1.195000	8.223280E+1	2.387867E+0
1.200000	7.665609E+1	2.586307E+0
1.205000	7.038230E+1	2.789770E+0
1.210000	7.356899E+1	2.988210E+0
1.215000	5.584303E+1	3.189162E+0
1.220000	5.644053E+1	3.126365E+0
1.225000	6.361058E+1	2.955556E+0
1.230000	6.729519E+1	2.792282E+0
1.235000	7.575984E+1	2.621473E+0
1.240000	7.336982E+1	2.455688E+0
1.245000	8.173488E+1	2.282367E+0
1.250000	8.014154E+1	2.111558E+0
1.255000	8.044029E+1	1.943261E+0
1.260000	7.556067E+1	1.764916E+0
1.265000	7.446524E+1	1.599131E+0
1.270000	6.699644E+1	1.438370E+0
1.275000	5.494677E+1	1.272584E+0
1.280000	5.345301E+1	1.109311E+0
1.285000	4.239918E+1	9.485496E-1
1.290000	4.329544E+1	7.827643E-1
1.295000	3.303828E+1	6.119553E-1
1.300000	2.198445E+1	4.411463E-1
1.305000	2.537031E+1	2.778729E-1
1.310000	2.278112E+1	1.095758E-1
1.315000	2.218362E+1	-5.369752E-2
1.320000	2.208404E+1	-2.219947E-1
1.325000	2.935367E+1	-3.777323E-1
1.330000	2.985159E+1	-5.410056E-1
1.335000	5.185967E+1	-7.042790E-1
1.340000	5.265634E+1	-8.650404E-1
1.345000	5.514594E+1	-1.025802E+0
1.350000	6.500476E+1	-1.191587E+0
1.355000	6.918729E+1	-1.354860E+0
1.360000	8.213322E+1	-1.520646E+0
1.365000	8.163530E+1	-1.691455E+0
1.370000	8.432407E+1	-1.847192E+0
1.375000	8.093821E+1	-2.010466E+0
1.380000	7.894653E+1	-2.173739E+0
1.385000	7.366857E+1	-2.326965E+0
1.390000	7.287190E+1	-2.485214E+0
1.395000	6.440726E+1	-2.648488E+0
1.400000	4.996757E+1	-2.816785E+0
1.405000	5.205883E+1	-2.977546E+0
1.410000	3.333703E+1	-3.145843E+0
1.415000	3.303828E+1	-3.304093E+0
1.420000	2.945326E+1	-3.464854E+0
1.425000	2.248237E+1	-3.628128E+0
1.430000	2.128736E+1	-3.778842E+0
1.435000	1.969402E+1	-3.716044E+0
1.440000	2.268154E+1	-3.532676E+0
1.445000	2.656532E+1	-3.339259E+0
1.450000	3.164410E+1	-3.153379E+0
1.455000	4.727880E+1	-2.964987E+0
1.460000	4.190126E+1	-2.766547E+0
1.465000	6.679727E+1	-2.578155E+0
1.470000	6.400892E+1	-2.387250E+0
1.475000	7.416649E+1	-2.186299E+0
1.480000	8.312906E+1	-1.995394E+0
1.485000	8.292989E+1	-1.801978E+0
1.490000	8.133654E+1	-1.603538E+0
1.495000	8.093821E+1	-1.410122E+0
1.500000	7.376816E+1	-1.226754E+0
1.505000	5.823305E+1	-1.033338E+0
1.510000	6.460642E+1	-8.474571E-1
1.515000	4.658171E+1	-6.540410E-1
1.520000	3.961083E+1	-4.530892E-1
1.525000	3.234119E+1	-2.571612E-1
1.530000	2.317946E+1	-6.123322E-2
1.535000	2.198445E+1	1.397186E-1
1.540000	2.019194E+1	3.281109E-1
1.545000	2.158612E+1	5.215270E-1
1.550000	2.726241E+1	7.074074E-1
1.555000	3.751956E+1	9.083592E-1
1.560000	3.751956E+1	1.104287E+0
1.565000	5.723720E+1	1.305239E+0
1.570000	5.992597E+1	1.506191E+0
1.575000	6.659811E+1	1.689559E+0
1.580000	7.765193E+1	1.885487E+0
1.585000	8.123696E+1	2.088951E+0
1.590000	8.143613E+1	2.287391E+0
1.595000	8.083862E+1	2.488343E+0
1.600000	8.044029E+1	2.681759E+0
1.605000	6.201724E+1	2.882711E+0
1.610000	4.777672E+1	3.078639E+0
1.615000	4.518754E+1	3.219305E+0
1.620000	6.858979E+1	3.051008E+0
1.625000	7.177648E+1	2.875175E+0
1.630000	7.207523E+1	2.704366E+0
1.635000	6.460642E+1	2.523509E+0
1.640000	7.974320E+1	2.355212E+0
1.645000	8.452323E+1	2.194451E+0
1.650000	7.884694E+1	2.033689E+0
1.655000	7.406691E+1	1.865392E+0
1.660000	7.078063E+1	1.697095E+0
1.665000	8.053987E+1	1.523774E+0
1.670000	7.884694E+1	1.352965E+0
1.675000	5.225800E+1	1.187180E+0
1.680000	3.114618E+1	1.028930E+0
1.685000	3.114618E+1	8.606332E-1
1.690000	3.024993E+1	7.048955E-1
1.695000	5.634095E+1	5.290627E-1
1.700000	2.397613E+1	3.683013E-1
1.705000	1.989319E+1	2.025160E-1
1.710000	2.626657E+1	3.924268E-2
1.715000	2.596781E+1	-1.365901E-1
1.720000	1.899693E+1	-2.973516E-1
1.725000	5.434927E+1	-4.581130E-1
1.730000	2.975201E+1	-6.289221E-1
1.735000	4.409211E+1	-7.896835E-1
1.740000	4.927048E+1	-9.479330E-1
1.745000	4.399253E+1	-1.113718E+0
1.750000	7.187606E+1	-1.276992E+0
1.755000	7.536150E+1	-1.430217E+0
1.760000	7.824944E+1	-1.596003E+0
1.765000	8.273072E+1	-1.759276E+0
1.770000	7.974320E+1	-1.925061E+0
1.775000	8.362698E+1	-2.085823E+0
1.780000	7.645693E+1	-2.246584E+0
1.785000	7.874736E+1	-2.409857E+0
1.790000	7.028271E+1	-2.573131E+0
1.795000	4.389294E+1	-2.738916E+0
1.800000	6.181807E+1	-2.897165E+0
1.805000	5.434927E+1	-3.057927E+0
1.810000	3.293870E+1	-3.216176E+0
1.815000	2.825825E+1	-3.376938E+0
1.820000	2.088903E+1	-3.532676E+0
1.825000	2.298029E+1	-3.693437E+0
1.830000	2.666490E+1	-3.814008E+0
1.835000	1.989319E+1	-3.625616E+0
1.840000	2.487239E+1	-3.442247E+0
1.845000	3.622497E+1	-3.248831E+0
1.850000	2.965242E+1	-3.057927E+0
1.855000	6.440726E+1	-2.867023E+0
1.860000	5.106299E+1	-2.678630E+0
1.865000	6.769353E+1	-2.480191E+0
1.870000	8.243197E+1	-2.279239E+0
1.875000	8.093821E+1	-2.090846E+0
1.880000	8.273072E+1	-1.899942E+0
1.885000	8.223280E+1	-1.711550E+0
1.890000	7.814985E+1	-1.523158E+0
1.895000	7.844861E+1	-1.329741E+0
1.900000	6.739478E+1	-1.133813E+0
1.905000	4.817506E+1	-9.303498E-1
1.910000	6.968521E+1	-7.369336E-1
1.915000	3.821665E+1	-5.435175E-1
1.920000	2.875617E+1	-3.576371E-1
1.925000	3.552788E+1	-1.642210E-1
1.930000	2.278112E+1	2.668320E-2
1.935000	2.228320E+1	2.200993E-1
1.940000	2.128736E+1	4.210511E-1
1.945000	4.150293E+1	6.144672E-1
1.950000	2.059028E+1	8.103952E-1
1.955000	5.723720E+1	1.013859E+0
1.960000	4.110459E+1	1.209787E+0
1.965000	5.614178E+1	1.400691E+0
1.970000	8.014154E+1	1.594107E+0
1.975000	5.026632E+1	1.787523E+0
1.980000	8.173488E+1	1.985963E+0
1.985000	8.103779E+1	2.179379E+0
1.990000	8.193405E+1	2.380331E+0
1.995000	6.600060E+1	2.576259E+0
2.000000	8.223280E+1	2.782235E+0
2.005000	5.106299E+1	2.980675E+0
2.010000	6.102140E+1	3.191674E+0
2.015000	5.046549E+1	3.131389E+0
2.020000	5.405052E+1	2.955556E+0
2.025000	7.775152E+1	2.789770E+0
2.030000	5.853180E+1	2.626497E+0
2.035000	8.183446E+1	2.443129E+0
2.040000	7.934486E+1	2.279855E+0
2.045000	7.984278E+1	2.119094E+0
2.050000	7.287190E+1	1.940749E+0
2.055000	8.332822E+1	1.767428E+0
2.060000	6.659811E+1	1.611691E+0
2.065000	7.177648E+1	1.440881E+0
2.070000	6.610018E+1	1.270072E+0
2.075000	3.433287E+1	1.109311E+0
2.080000	5.544469E+1	9.435258E-1
2.085000	3.363579E+1	7.802524E-1
2.090000	3.263995E+1	6.144672E-1
2.095000	2.905492E+1	4.461701E-1
2.100000	1.899693E+1	2.854086E-1
2.105000	2.367738E+1	1.246472E-1
2.110000	2.218362E+1	-4.616183E-2
2.115000	1.989319E+1	-2.169709E-1
2.120000	2.168570E+1	-3.752204E-1
2.125000	4.737838E+1	-5.334699E-1
2.130000	3.413371E+1	-7.093028E-1
2.135000	5.474760E+1	-8.650404E-1
2.140000	5.146133E+1	-1.025802E+0
2.145000	5.743637E+1	-1.184051E+0
2.150000	7.486358E+1	-1.354860E+0
2.155000	7.287190E+1	-1.520646E+0
2.160000	8.292989E+1	-1.681407E+0
2.165000	8.392573E+1	-1.837145E+0
2.170000	8.213322E+1	-2.005442E+0
2.175000	7.695485E+1	-2.176251E+0
2.180000	8.063946E+1	-2.331989E+0
2.185000	6.400892E+1	-2.492750E+0
2.190000	6.450684E+1	-2.648488E+0
2.195000	6.141973E+1	-2.816785E+0
2.200000	4.110459E+1	-2.977546E+0
2.205000	5.215842E+1	-3.140820E+0
2.210000	2.825825E+1	-3.296557E+0
2.215000	2.965242E+1	-3.452295E+0
2.220000	2.477281E+1	-3.618080E+0
2.225000	2.068986E+1	-3.783865E+0
2.230000	2.248237E+1	-3.711020E+0
2.235000	2.138695E+1	-3.527652E+0
2.240000	2.785991E+1	-3.341771E+0
2.245000	3.871457E+1	-3.145843E+0
2.250000	3.811707E+1	-2.957451E+0
2.255000	5.823305E+1	-2.771571E+0
2.260000	5.514594E+1	-2.573131E+0
2.265000	7.406691E+1	-2.382227E+0
2.270000	8.004195E+1	-2.198858E+0
2.275000	7.844861E+1	-1.990370E+0
2.280000	8.213322E+1	-1.801978E+0
2.285000	8.362698E+1	-1.618610E+0
2.290000	7.984278E+1	-1.420170E+0
2.295000	6.759395E+1	-1.226754E+0
2.300000	6.948604E+1	-1.033338E+0
2.305000	5.474760E+1	-8.374095E-1
2.310000	5.056507E+1	-6.490172E-1
2.315000	3.443246E+1	-4.606249E-1
2.320000	2.985159E+1	-2.621850E-1
2.325000	2.776033E+1	-6.625701E-2
2.330000	2.078944E+1	1.372067E-1
2.335000	1.959444E+1	3.255990E-1
2.340000	2.118778E+1	5.139913E-1
2.345000	3.343662E+1	7.124312E-1
2.350000	3.443246E+1	9.133830E-1
2.355000	4.578504E+1	1.109311E+0
2.360000	4.927048E+1	1.297703E+0
2.365000	6.789270E+1	1.488608E+0
2.370000	7.446524E+1	1.692071E+0
2.375000	7.924528E+1	1.895535E+0
2.380000	8.362698E+1	2.086439E+0
2.385000	8.631575E+1	2.282367E+0
2.390000	7.984278E+1	2.475783E+0
2.395000	7.336982E+1	2.684271E+0
2.400000	6.819145E+1	2.882711E+0
2.405000	5.454844E+1	3.073615E+0
2.410000	5.245717E+1	3.216793E+0
2.415000	5.504636E+1	3.056032E+0
2.420000	6.649852E+1	2.877687E+0
2.425000	7.516233E+1	2.701854E+0
2.430000	7.247356E+1	2.536069E+0
2.435000	8.004195E+1	2.372795E+0
2.440000	8.203363E+1	2.194451E+0
2.445000	8.283030E+1	2.028666E+0
2.450000	8.163530E+1	1.865392E+0
2.455000	7.814985E+1	1.699607E+0
2.460000	7.018313E+1	1.526286E+0
2.465000	7.078063E+1	1.355477E+0
2.470000	5.952764E+1	1.194716E+0
2.475000	4.548629E+1	1.036466E+0
2.480000	4.120417E+1	8.631451E-1
2.485000	3.502996E+1	6.923360E-1
2.490000	2.845742E+1	5.290627E-1
2.495000	2.676449E+1	3.733251E-1
2.500000	1.989319E+1	2.025160E-1
2.505000	2.288071E+1	3.421889E-2
2.510000	2.327904E+1	-1.190069E-1
2.515000	2.437447E+1	-2.898159E-1
2.520000	2.626657E+1	-4.581130E-1
2.525000	3.761915E+1	-6.138507E-1
2.530000	3.921249E+1	-7.771240E-1
2.535000	5.265634E+1	-9.479330E-1
2.540000	5.972681E+1	-1.116230E+0
2.545000	6.261474E+1	-1.271968E+0
2.550000	7.127856E+1	-1.435241E+0
2.555000	7.376816E+1	-1.603538E+0
2.560000	8.163530E+1	-1.759276E+0
2.565000	8.292989E+1	-1.922549E+0
2.570000	8.292989E+1	-2.090846E+0
2.575000	7.994237E+1	-2.246584E+0
2.580000	7.536150E+1	-2.407345E+0
2.585000	7.745277E+1	-2.578155E+0
2.590000	6.570185E+1	-2.733892E+0
2.595000	4.688046E+1	-2.902189E+0
2.600000	5.514594E+1	-3.057927E+0
2.605000	3.502996E+1	-3.218688E+0
2.610000	2.357780E+1	-3.379450E+0
2.615000	3.263995E+1	-3.527652E+0
2.620000	2.059028E+1	-3.693437E+0
2.625000	2.049069E+1	-3.816520E+0
2.630000	2.875617E+1	-3.623104E+0
2.635000	2.019194E+1	-3.444759E+0
2.640000	3.542830E+1	-3.246319E+0
2.645000	3.194286E+1	-3.052903E+0
2.650000	5.116258E+1	-2.867023E+0
2.655000	6.012514E+1	-2.673607E+0
2.660000	6.779311E+1	-2.482702E+0
2.665000	8.203363E+1	-2.296822E+0
2.670000	7.167689E+1	-2.100894E+0
2.675000	8.173488E+1	-1.899942E+0
2.680000	7.984278E+1	-1.714062E+0
2.685000	7.844861E+1	-1.528181E+0
2.690000	7.376816E+1	-1.334765E+0
2.695000	7.735318E+1	-1.136325E+0
2.700000	6.709603E+1	-9.378854E-1
2.705000	5.783471E+1	-7.369336E-1
2.710000	4.120417E+1	-5.460294E-1
2.715000	2.218362E+1	-3.601490E-1
2.720000	2.855700E+1	-1.692448E-1
2.725000	2.477281E+1	2.417130E-2
2.730000	2.059028E+1	2.251231E-1
2.735000	2.059028E+1	4.235630E-1
2.740000	2.706324E+1	6.119553E-1
2.745000	3.652372E+1	8.078833E-1
2.750000	3.493038E+1	1.001299E+0
2.755000	5.833263E+1	1.204763E+0
2.760000	4.777672E+1	1.400691E+0
2.765000	6.361058E+1	1.591595E+0
2.770000	8.153571E+1	1.787523E+0
2.775000	7.964362E+1	1.983451E+0
2.780000	8.044029E+1	2.181891E+0
2.785000	8.502115E+1	2.380331E+0
2.790000	7.556067E+1	2.578771E+0
2.795000	6.699644E+1	2.769675E+0
2.800000	7.207523E+1	2.978163E+0
2.805000	3.941166E+1	3.186650E+0
2.810000	6.012514E+1	3.131389E+0
2.815000	5.614178E+1	2.955556E+0
2.820000	6.271433E+1	2.792282E+0
2.825000	8.362698E+1	2.629009E+0
2.830000	6.560226E+1	2.453176E+0
2.835000	8.332822E+1	2.277343E+0
2.840000	8.093821E+1	2.116582E+0
2.845000	8.273072E+1	1.948285E+0
2.850000	6.789270E+1	1.785011E+0
2.855000	7.964362E+1	1.616714E+0
2.860000	5.703804E+1	1.445905E+0
2.865000	7.257315E+1	1.280120E+0
2.870000	6.281391E+1	1.111823E+0
2.875000	3.502996E+1	9.485496E-1
2.880000	5.305467E+1	7.903000E-1
2.885000	2.288071E+1	6.220029E-1
2.890000	2.825825E+1	4.537058E-1
2.895000	2.397613E+1	2.854086E-1
2.900000	2.148653E+1	1.171115E-1
2.905000	2.218362E+1	-4.113804E-2
2.910000	3.234119E+1	-2.018995E-1
2.915000	2.307988E+1	-3.727085E-1
2.920000	3.244078E+1	-5.435175E-1
2.925000	5.295509E+1	-6.967433E-1
2.930000	3.662331E+1	-8.549928E-1
2.935000	6.141973E+1	-1.023290E+0
2.940000	5.604220E+1	-1.194099E+0
2.945000	7.516233E+1	-1.352349E+0
2.950000	8.253155E+1	-1.508086E+0
2.955000	7.366857E+1	-1.676383E+0
2.960000	8.053987E+1	-1.849704E+0
2.965000	8.492157E+1	-2.012978E+0
2.970000	8.273072E+1	-2.166203E+0
2.975000	7.088022E+1	-2.319429E+0
2.980000	7.466441E+1	-2.490238E+0
2.985000	5.654012E+1	-2.658535E+0
2.990000	6.679727E+1	-2.814273E+0
2.995000	4.538670E+1	-2.964987E+0
3.000000	3.831624E+1	-3.133284E+0
3.005000	3.911291E+1	-3.299069E+0
3.010000	2.098861E+1	-3.449783E+0
3.015000	2.537031E+1	-3.613056E+0
3.020000	1.959444E+1	-3.781353E+0
3.025000	2.168570E+1	-3.721068E+0
3.030000	2.855700E+1	-3.525140E+0
3.035000	2.347821E+1	-3.344283E+0
3.040000	3.751956E+1	-3.155891E+0
3.045000	3.602580E+1	-2.967499E+0
3.050000	5.076424E+1	-2.774083E+0
3.055000	6.580143E+1	-2.575643E+0
3.060000	6.301308E+1	-2.387250E+0
3.065000	7.834902E+1	-2.196346E+0
3.070000	8.203363E+1	-2.010466E+0
3.075000	8.442365E+1	-1.807002E+0
3.080000	8.044029E+1	-1.611074E+0
3.085000	8.362698E+1	-1.422682E+0
3.090000	7.745277E+1	-1.239313E+0
3.095000	6.699644E+1	-1.038361E+0
3.100000	5.843221E+1	-8.449452E-1
3.105000	4.648213E+1	-6.540410E-1
3.110000	3.990958E+1	-4.656487E-1
3.115000	2.556948E+1	-2.697207E-1
3.120000	2.666490E+1	-6.123322E-2
3.125000	2.268154E+1	1.296710E-1
3.130000	2.009236E+1	3.155514E-1
3.135000	2.307988E+1	5.165032E-1
3.140000	2.566906E+1	7.149431E-1
3.145000	3.214203E+1	9.033354E-1
3.150000	4.548629E+1	1.091728E+0
3.155000	5.454844E+1	1.290168E+0
3.160000	6.102140E+1	1.496143E+0
3.165000	7.078063E+1	1.689559E+0
3.170000	7.884694E+1	1.882975E+0
3.175000	8.173488E+1	2.078903E+0
3.180000	8.452323E+1	2.277343E+0
3.185000	8.143613E+1	2.478295E+0
3.190000	7.695485E+1	2.681759E+0
3.195000	6.550268E+1	2.872663E+0
3.200000	6.151932E+1	3.073615E+0
3.205000	4.877256E+1	3.221817E+0
3.210000	6.261474E+1	3.053520E+0
3.215000	6.709603E+1	2.885223E+0
3.220000	7.038230E+1	2.709390E+0
3.225000	7.954403E+1	2.541093E+0
3.230000	8.123696E+1	2.360236E+0
3.235000	8.292989E+1	2.199475E+0
3.240000	8.302947E+1	2.033689E+0
3.245000	7.984278E+1	1.872928E+0
3.250000	7.625776E+1	1.697095E+0
3.255000	7.476400E+1	1.533822E+0
3.260000	5.723720E+1	1.357989E+0
3.265000	5.942805E+1	1.202251E+0
3.270000	4.737838E+1	1.033954E+0
3.275000	3.841582E+1	8.757046E-1
3.280000	3.761915E+1	7.099193E-1
3.285000	2.527073E+1	5.340865E-1
3.290000	2.317946E+1	3.708132E-1
3.295000	2.078944E+1	2.125636E-1
3.300000	1.899693E+1	4.426648E-2
3.305000	2.288071E+1	-1.315663E-1
3.310000	2.875617E+1	-2.873040E-1
3.315000	2.845742E+1	-4.455535E-1
3.320000	3.622497E+1	-6.138507E-1
3.325000	5.245717E+1	-7.846597E-1
3.330000	4.548629E+1	-9.454211E-1
3.335000	6.371017E+1	-1.106183E+0
3.340000	6.998396E+1	-1.264432E+0
3.345000	7.655651E+1	-1.430217E+0
3.350000	8.302947E+1	-1.596003E+0
3.355000	8.183446E+1	-1.756764E+0
3.360000	8.372656E+1	-1.912502E+0
3.365000	8.233238E+1	-2.080799E+0
3.370000	8.103779E+1	-2.251608E+0
3.375000	7.247356E+1	-2.404834E+0
3.380000	7.088022E+1	-2.568107E+0
3.385000	5.584303E+1	-2.726356E+0
3.390000	5.136175E+1	-2.902189E+0
3.395000	4.558587E+1	-3.055415E+0
3.400000	3.034951E+1	-3.208641E+0
3.405000	3.303828E+1	-3.371914E+0
3.410000	2.298029E+1	-3.532676E+0
3.415000	2.059028E+1	-3.683389E+0
3.420000	1.909651E+1	-3.821544E+0
3.425000	2.049069E+1	-3.630640E+0
3.430000	2.527073E+1	-3.437223E+0
3.435000	2.756116E+1	-3.248831E+0
3.440000	3.682248E+1	-3.057927E+0
3.445000	4.867298E+1	-2.861999E+0
3.450000	4.897173E+1	-2.681142E+0
3.455000	6.530351E+1	-2.485214E+0
3.460000	6.988438E+1	-2.294310E+0
3.465000	8.322864E+1	-2.100894E+0
3.470000	8.402531E+1	-1.912502E+0
3.475000	8.342781E+1	-1.711550E+0
3.480000	8.223280E+1	-1.523158E+0
3.485000	8.123696E+1	-1.327230E+0
3.490000	6.948604E+1	-1.131302E+0
3.495000	5.863138E+1	-9.454211E-1
3.500000	5.594261E+1	-7.545169E-1
3.505000	4.299669E+1	-5.560770E-1
3.510000	4.000916E+1	-3.576371E-1
3.515000	2.606740E+1	-1.692448E-1
3.520000	2.317946E+1	2.668320E-2
3.525000	2.457364E+1	2.276350E-1
3.530000	2.029152E+1	4.135154E-1
3.535000	2.148653E+1	6.094434E-1
3.540000	3.224161E+1	8.053714E-1
3.545000	4.150293E+1	1.006323E+0
3.550000	4.040750E+1	1.192204E+0
3.555000	6.141973E+1	1.393155E+0
3.560000	6.201724E+1	1.594107E+0
3.565000	7.436566E+1	1.795059E+0
3.570000	8.073904E+1	1.973404E+0
3.575000	8.014154E+1	2.171844E+0
3.580000	8.432407E+1	2.372795E+0
3.585000	8.302947E+1	2.576259E+0
3.590000	6.938646E+1	2.772187E+0
3.595000	5.873097E+1	2.973139E+0
3.600000	6.380975E+1	3.171579E+0
3.605000	5.634095E+1	3.143948E+0
3.610000	6.709603E+1	2.973139E+0
3.615000	7.147772E+1	2.789770E+0
3.620000	7.546109E+1	2.623985E+0
3.625000	8.233238E+1	2.460712E+0
3.630000	8.372656E+1	2.287391E+0
3.635000	8.213322E+1	2.114070E+0
3.640000	8.103779E+1	1.950797E+0
3.645000	8.143613E+1	1.787523E+0
3.650000	6.858979E+1	1.616714E+0
3.655000	6.759395E+1	1.443393E+0
3.660000	5.365218E+1	1.280120E+0
3.665000	5.086383E+1	1.121871E+0
3.670000	4.737838E+1	9.535734E-1
3.675000	3.244078E+1	7.827643E-1
3.680000	3.273953E+1	6.220029E-1
3.685000	2.417530E+1	4.612415E-1
3.690000	1.999277E+1	2.904324E-1
3.695000	1.979360E+1	1.296710E-1
3.700000	2.477281E+1	-4.616183E-2
3.705000	2.407572E+1	-2.044114E-1
3.710000	3.303828E+1	-3.676847E-1
3.715000	3.692206E+1	-5.334699E-1
3.720000	3.990958E+1	-7.042790E-1
3.725000	5.982639E+1	-8.650404E-1
3.730000	5.743637E+1	-1.020778E+0
3.735000	6.938646E+1	-1.181540E+0
3.740000	7.167689E+1	-1.337277E+0
3.745000	7.675568E+1	-1.510598E+0
3.750000	8.452323E+1	-1.676383E+0
3.755000	8.352739E+1	-1.842169E+0
3.760000	7.974320E+1	-2.002930E+0
3.765000	7.894653E+1	-2.163691E+0
3.770000	7.655651E+1	-2.326965E+0
3.775000	6.211682E+1	-2.480191E+0
3.780000	6.590102E+1	-2.645976E+0
3.785000	4.857339E+1	-2.806737E+0
3.790000	4.140334E+1	-2.972522E+0
3.795000	3.791790E+1	-3.128260E+0
3.800000	2.905492E+1	-3.289022E+0
3.805000	2.935367E+1	-3.444759E+0
3.810000	2.188487E+1	-3.610544E+0
3.815000	1.959444E+1	-3.771306E+0
3.820000	1.949485E+1	-3.728604E+0
3.825000	2.258196E+1	-3.540211E+0
3.830000	2.606740E+1	-3.346795E+0
3.835000	2.915450E+1	-3.153379E+0
3.840000	3.841582E+1	-2.967499E+0
3.845000	4.807547E+1	-2.784130E+0
3.850000	5.305467E+1	-2.590714E+0
3.855000	6.928687E+1	-2.392274E+0
3.860000	7.137814E+1	-2.191322E+0
3.865000	7.964362E+1	-2.005442E+0
3.870000	8.482199E+1	-1.814538E+0
3.875000	8.492157E+1	-1.623633E+0
3.880000	7.924528E+1	-1.427705E+0
3.885000	7.814985E+1	-1.234289E+0
3.890000	6.819145E+1	-1.038361E+0
3.895000	6.022473E+1	-8.449452E-1
3.900000	5.554428E+1	-6.565529E-1
3.905000	4.488878E+1	-4.681606E-1
3.910000	3.751956E+1	-2.722326E-1
3.915000	2.616698E+1	-6.625701E-2
3.920000	2.238279E+1	1.221353E-1
3.925000	2.098861E+1	3.130395E-1
3.930000	2.238279E+1	5.064556E-1
3.935000	2.178528E+1	7.074074E-1
3.940000	3.283911E+1	9.083592E-1
3.945000	3.712123E+1	1.096752E+0
3.950000	4.399253E+1	1.285144E+0
3.955000	6.042389E+1	1.478560E+0
3.960000	6.351100E+1	1.684536E+0
3.965000	7.984278E+1	1.880464E+0
3.970000	7.765193E+1	2.083927E+0
3.975000	8.203363E+1	2.282367E+0
3.980000	7.994237E+1	2.478295E+0
3.985000	8.093821E+1	2.669199E+0
3.990000	6.819145E+1	2.870151E+0
3.995000	6.679727E+1	3.066079E+0
4.000000	5.663970E+1	3.229353E+0
4.005000	5.783471E+1	3.061055E+0
4.010000	7.058147E+1	2.882711E+0
4.015000	7.167689E+1	2.706878E+0
4.020000	7.924528E+1	2.541093E+0
4.025000	8.024112E+1	2.372795E+0
4.030000	8.203363E+1	2.204498E+0
4.035000	7.795069E+1	2.031177E+0
4.040000	7.864777E+1	1.860368E+0
4.045000	7.376816E+1	1.699607E+0
4.050000	6.570185E+1	1.531310E+0
4.055000	6.390934E+1	1.370548E+0
4.060000	4.668130E+1	1.204763E+0
4.065000	5.036591E+1	1.033954E+0
4.070000	3.592622E+1	8.731927E-1
4.075000	2.835783E+1	7.124312E-1
4.080000	2.646573E+1	5.391103E-1
4.085000	2.148653E+1	3.657894E-1
4.090000	2.039111E+1	2.100517E-1
4.095000	1.959444E+1	5.180217E-2
4.100000	2.397613E+1	-1.190069E-1
4.105000	2.746157E+1	-2.873040E-1
4.110000	3.811707E+1	-4.480654E-1
4.115000	3.851540E+1	-6.038031E-1
4.120000	4.379336E+1	-7.746121E-1
4.125000	5.902972E+1	-9.429092E-1
4.130000	6.779311E+1	-1.098647E+0
4.135000	7.237398E+1	-1.266944E+0
4.140000	7.934486E+1	-1.435241E+0
4.145000	8.332822E+1	-1.593491E+0
4.150000	8.302947E+1	-1.749228E+0
4.155000	8.083862E+1	-1.922549E+0
4.160000	8.053987E+1	-2.083311E+0
4.165000	7.336982E+1	-2.241560E+0
4.170000	7.307107E+1	-2.394786E+0
4.175000	6.400892E+1	-2.563083E+0
4.180000	5.763554E+1	-2.733892E+0
4.185000	4.369377E+1	-2.889630E+0
4.190000	3.941166E+1	-3.047879E+0
4.195000	3.403412E+1	-3.218688E+0
4.200000	2.616698E+1	-3.371914E+0
4.205000	2.327904E+1	-3.527652E+0
4.210000	2.029152E+1	-3.693437E+0
4.215000	2.118778E+1	-3.826568E+0
4.220000	2.118778E+1	-3.628128E+0
4.225000	2.238279E+1	-3.444759E+0
4.230000	3.184327E+1	-3.258879E+0
4.235000	2.935367E+1	-3.062951E+0
4.240000	4.020833E+1	-2.864511E+0
4.245000	5.335343E+1	-2.681142E+0
4.250000	6.042389E+1	-2.492750E+0
4.255000	7.177648E+1	-2.301846E+0
4.260000	7.496316E+1	-2.105918E+0
4.265000	7.964362E+1	-1.912502E+0
4.270000	8.183446E+1	-1.726621E+0
4.275000	8.283030E+1	-1.530693E+0
4.280000	7.466441E+1	-1.327230E+0
4.285000	7.725360E+1	-1.133813E+0
4.290000	6.689686E+1	-9.454211E-1
4.295000	5.415010E+1	-7.545169E-1
4.300000	5.195925E+1	-5.585889E-1
4.305000	3.841582E+1	-3.626609E-1
4.310000	3.293870E+1	-1.767805E-1
4.315000	2.347821E+1	2.417130E-2
4.320000	2.068986E+1	2.150755E-1
4.325000	2.248237E+1	4.034678E-1
4.330000	2.437447E+1	6.019077E-1
4.335000	2.556948E+1	8.003476E-1
4.340000	3.692206E+1	1.001299E+0
4.345000	4.459003E+1	1.197227E+0
4.350000	4.867298E+1	1.383108E+0
4.355000	6.301308E+1	1.586572E+0
4.360000	7.177648E+1	1.787523E+0
4.365000	7.695485E+1	1.978428E+0
4.370000	8.123696E+1	2.174356E+0
4.375000	7.854819E+1	2.362748E+0
4.380000	7.635734E+1	2.571235E+0
4.385000	7.725360E+1	2.769675E+0
4.390000	6.868937E+1	2.963091E+0
4.395000	5.873097E+1	3.171579E+0
4.400000	5.962722E+1	3.146460E+0
4.405000	6.460642E+1	2.968115E+0
4.410000	7.317065E+1	2.797306E+0
4.415000	7.725360E+1	2.623985E+0
4.420000	8.053987E+1	2.463224E+0
4.425000	8.243197E+1	2.289903E+0
4.430000	8.034070E+1	2.119094E+0
4.435000	7.854819E+1	1.948285E+0
4.440000	7.566025E+1	1.782500E+0
4.445000	7.177648E+1	1.616714E+0
4.450000	6.141973E+1	1.455953E+0
4.455000	5.823305E+1	1.287656E+0
4.460000	4.468961E+1	1.119359E+0
4.465000	4.459003E+1	9.485496E-1
4.470000	3.204244E+1	7.877881E-1
4.475000	2.357780E+1	6.220029E-1
4.480000	2.656532E+1	4.637534E-1
4.485000	2.088903E+1	2.954562E-1
4.490000	2.049069E+1	1.246472E-1
4.495000	1.949485E+1	-3.360234E-2
4.500000	2.636615E+1	-1.943638E-1
4.505000	2.706324E+1	-3.676847E-1
4.510000	4.239918E+1	-5.384937E-1
4.515000	3.921249E+1	-6.967433E-1
4.520000	5.166050E+1	-8.524809E-1
4.525000	6.530351E+1	-1.018266E+0
4.530000	6.450684E+1	-1.194099E+0
4.535000	7.695485E+1	-1.344813E+0
4.540000	7.725360E+1	-1.503062E+0
4.545000	8.402531E+1	-1.671360E+0
4.550000	8.213322E+1	-1.842169E+0
4.555000	8.292989E+1	-2.000418E+0
4.560000	7.615817E+1	-2.153644E+0
4.565000	7.546109E+1	-2.324453E+0
4.570000	7.028271E+1	-2.487726E+0
4.575000	5.942805E+1	-2.645976E+0
4.580000	6.062306E+1	-2.801713E+0
4.585000	3.971041E+1	-2.964987E+0
4.590000	4.050708E+1	-3.133284E+0
4.595000	2.995118E+1	-3.289022E+0
4.600000	2.576865E+1	-3.449783E+0
4.605000	2.497197E+1	-3.603009E+0
4.610000	2.059028E+1	-3.768794E+0
4.615000	2.019194E+1	-3.728604E+0
4.620000	2.248237E+1	-3.545235E+0
4.625000	2.636615E+1	-3.346795E+0
4.630000	3.483079E+1	-3.150867E+0
4.635000	3.134535E+1	-2.967499E+0
4.640000	4.897173E+1	-2.784130E+0
4.645000	5.773512E+1	-2.588202E+0
4.650000	6.371017E+1	-2.387250E+0
4.655000	7.456483E+1	-2.203882E+0
4.660000	7.655651E+1	-2.015489E+0
4.665000	8.571824E+1	-1.814538E+0
4.670000	8.083862E+1	-1.616098E+0
4.675000	7.874736E+1	-1.435241E+0
4.680000	7.058147E+1	-1.239313E+0
4.685000	7.237398E+1	-1.040873E+0
4.690000	5.942805E+1	-8.524809E-1
4.695000	5.245717E+1	-6.640886E-1
4.700000	4.399253E+1	-4.706725E-1
4.705000	3.104660E+1	-2.722326E-1
4.710000	2.746157E+1	-7.630460E-2
4.715000	2.138695E+1	1.246472E-1
4.720000	2.108820E+1	3.180633E-1
4.725000	2.417530E+1	5.064556E-1
4.730000	2.805908E+1	6.998717E-1
4.735000	2.586823E+1	8.983116E-1
4.740000	4.389294E+1	1.099263E+0
4.745000	5.195925E+1	1.290168E+0
4.750000	5.385135E+1	1.476048E+0
4.755000	6.510434E+1	1.679512E+0
4.760000	7.406691E+1	1.882975E+0
4.765000	7.964362E+1	2.073880E+0
4.770000	7.914569E+1	2.269808E+0
4.775000	8.063946E+1	2.480807E+0
4.780000	7.317065E+1	2.671711E+0
4.785000	7.486358E+1	2.872663E+0
4.790000	6.132015E+1	3.076127E+0
4.795000	5.434927E+1	3.224329E+0
4.800000	6.321225E+1	3.056032E+0
4.805000	6.729519E+1	2.887734E+0
4.810000	7.466441E+1	2.709390E+0
4.815000	7.526192E+1	2.541093E+0
4.820000	7.844861E+1	2.377819E+0
4.825000	8.263114E+1	2.204498E+0
4.830000	8.093821E+1	2.028666E+0
4.835000	7.257315E+1	1.867904E+0
4.840000	7.635734E+1	1.707143E+0
4.845000	6.689686E+1	1.536334E+0
4.850000	5.783471E+1	1.363013E+0
4.855000	5.524552E+1	1.212299E+0
4.860000	4.379336E+1	1.036466E+0
4.865000	4.508795E+1	8.706808E-1
4.870000	3.383495E+1	7.099193E-1
4.875000	2.387655E+1	5.466460E-1
4.880000	2.706324E+1	3.758370E-1
4.885000	2.238279E+1	2.050279E-1
4.890000	2.068986E+1	4.929027E-2
4.895000	2.477281E+1	-1.114712E-1
4.900000	2.995118E+1	-2.847921E-1
4.905000	3.194286E+1	-4.455535E-1
4.910000	4.339502E+1	-6.063150E-1
4.915000	4.419169E+1	-7.746121E-1
4.920000	5.594261E+1	-9.454211E-1
4.925000	6.639894E+1	-1.101159E+0
4.930000	6.341142E+1	-1.261920E+0
4.935000	7.546109E+1	-1.430217E+0
4.940000	7.635734E+1	-1.598514E+0
4.945000	8.034070E+1	-1.754252E+0
4.950000	7.904611E+1	-1.909990E+0
4.955000	7.994237E+1	-2.080799E+0
4.960000	7.297148E+1	-2.244072E+0
4.965000	7.137814E+1	-2.399810E+0
4.970000	6.729519E+1	-2.558059E+0
4.975000	5.116258E+1	-2.726356E+0
4.980000	5.813346E+1	-2.894654E+0
4.985000	3.522913E+1	-3.047879E+0
4.990000	3.761915E+1	-3.203617E+0
4.995000	3.054868E+1	-3.369402E+0
5.000000	2.576865E+1	-3.532676E+0

