date/time: .08/11/2023.02:55 p.m.
Run 1

time	(LX)	(V)
0.000000	6.580143E+1	-2.319429E+0
0.005000	6.908771E+1	-2.254120E+0
0.010000	6.470601E+1	-2.186299E+0
0.015000	6.809187E+1	-2.118477E+0
0.020000	6.858979E+1	-2.038097E+0
0.025000	7.207523E+1	-1.967763E+0
0.030000	6.978479E+1	-1.889895E+0
0.035000	6.898812E+1	-1.819561E+0
0.040000	6.779311E+1	-1.749228E+0
0.045000	6.779311E+1	-1.681407E+0
0.050000	6.829103E+1	-1.608562E+0
0.055000	6.699644E+1	-1.535717E+0
0.060000	7.317065E+1	-1.462872E+0
0.065000	6.659811E+1	-1.382491E+0
0.070000	5.046549E+1	-1.304622E+0
0.075000	6.898812E+1	-1.234289E+0
0.080000	4.767714E+1	-1.168980E+0
0.085000	6.052348E+1	-1.101159E+0
0.090000	6.261474E+1	-1.028314E+0
0.095000	4.040750E+1	-9.529568E-1
0.100000	6.241558E+1	-8.750880E-1
0.105000	3.751956E+1	-7.972192E-1
0.110000	5.056507E+1	-7.218623E-1
0.115000	4.429128E+1	-6.540410E-1
0.120000	3.024993E+1	-5.837079E-1
0.125000	5.205883E+1	-5.158867E-1
0.130000	2.915450E+1	-4.380178E-1
0.135000	4.389294E+1	-3.576371E-1
0.140000	3.443246E+1	-2.923278E-1
0.145000	3.024993E+1	-2.169709E-1
0.150000	4.508795E+1	-1.516615E-1
0.155000	2.915450E+1	-7.128081E-2
0.160000	3.064826E+1	6.588017E-3
0.165000	3.015034E+1	8.194494E-2
0.170000	3.512955E+1	1.547900E-1
0.175000	2.915450E+1	2.175874E-1
0.180000	3.801748E+1	2.904324E-1
0.185000	2.985159E+1	3.683013E-1
0.190000	3.333703E+1	4.486820E-1
0.195000	3.582663E+1	5.190151E-1
0.200000	3.034951E+1	5.943720E-1
0.205000	5.663970E+1	6.697290E-1
0.210000	3.303828E+1	7.375502E-1
0.215000	4.010875E+1	8.129071E-1
0.220000	5.544469E+1	8.807283E-1
0.225000	4.349461E+1	9.585972E-1
0.230000	5.335343E+1	1.028930E+0
0.235000	4.299669E+1	1.109311E+0
0.240000	5.574344E+1	1.179644E+0
0.245000	5.763554E+1	1.244953E+0
0.250000	5.385135E+1	1.320310E+0
0.255000	6.699644E+1	1.400691E+0
0.260000	5.185967E+1	1.473536E+0
0.265000	6.590102E+1	1.543869E+0
0.270000	6.619977E+1	1.619226E+0
0.275000	6.351100E+1	1.697095E+0
0.280000	7.177648E+1	1.772452E+0
0.285000	6.749436E+1	1.850321E+0
0.290000	7.167689E+1	1.923166E+0
0.295000	7.018313E+1	1.990987E+0
0.300000	7.088022E+1	2.058808E+0
0.305000	7.038230E+1	2.134165E+0
0.310000	6.779311E+1	2.217058E+0
0.315000	6.510434E+1	2.297439E+0
0.320000	7.078063E+1	2.372795E+0
0.325000	7.147772E+1	2.440617E+0
0.330000	6.331183E+1	2.520997E+0
0.335000	6.898812E+1	2.583795E+0
0.340000	5.295509E+1	2.669199E+0
0.345000	6.510434E+1	2.742044E+0
0.350000	6.082223E+1	2.819913E+0
0.355000	5.415010E+1	2.895270E+0
0.360000	5.693845E+1	2.963091E+0
0.365000	4.249877E+1	3.035936E+0
0.370000	5.076424E+1	3.113805E+0
0.375000	4.229960E+1	3.196698E+0
0.380000	4.369377E+1	3.226841E+0
0.385000	5.096341E+1	3.164043E+0
0.390000	4.130376E+1	3.091198E+0
0.395000	5.793429E+1	3.033425E+0
0.400000	5.016674E+1	2.973139E+0
0.405000	5.126216E+1	2.905318E+0
0.410000	5.912930E+1	2.832473E+0
0.415000	5.634095E+1	2.772187E+0
0.420000	6.659811E+1	2.714414E+0
0.425000	5.693845E+1	2.649104E+0
0.430000	6.072265E+1	2.578771E+0
0.435000	6.580143E+1	2.515974E+0
0.440000	6.500476E+1	2.445640E+0
0.445000	6.998396E+1	2.382843E+0
0.450000	6.311266E+1	2.325069E+0
0.455000	6.938646E+1	2.269808E+0
0.460000	7.058147E+1	2.204498E+0
0.465000	7.237398E+1	2.134165E+0
0.470000	7.137814E+1	2.063832E+0
0.475000	7.127856E+1	2.006058E+0
0.480000	6.918729E+1	1.945773E+0
0.485000	7.137814E+1	1.877952E+0
0.490000	7.307107E+1	1.810130E+0
0.495000	6.739478E+1	1.754869E+0
0.500000	7.297148E+1	1.697095E+0
0.505000	6.470601E+1	1.626762E+0
0.510000	7.227440E+1	1.558941E+0
0.515000	6.371017E+1	1.503679E+0
0.520000	5.853180E+1	1.443393E+0
0.525000	6.779311E+1	1.370548E+0
0.530000	5.634095E+1	1.312775E+0
0.535000	5.773512E+1	1.247465E+0
0.540000	5.873097E+1	1.179644E+0
0.545000	5.873097E+1	1.124382E+0
0.550000	5.853180E+1	1.069121E+0
0.555000	4.956923E+1	1.001299E+0
0.560000	5.395093E+1	9.359901E-1
0.565000	4.698005E+1	8.832402E-1
0.570000	4.797589E+1	8.129071E-1
0.575000	4.737838E+1	7.501097E-1
0.580000	4.299669E+1	6.923360E-1
0.585000	4.359419E+1	6.270267E-1
0.590000	3.831624E+1	5.541817E-1
0.595000	3.642414E+1	4.989199E-1
0.600000	3.751956E+1	4.386344E-1
0.605000	3.692206E+1	3.708132E-1
0.610000	3.313787E+1	3.155514E-1
0.615000	3.254036E+1	2.527540E-1
0.620000	3.473121E+1	1.849327E-1
0.625000	3.244078E+1	1.296710E-1
0.630000	3.114618E+1	6.938545E-2
0.635000	2.776033E+1	-9.476753E-4
0.640000	3.044910E+1	-6.876891E-2
0.645000	3.104660E+1	-1.240307E-1
0.650000	2.875617E+1	-1.843162E-1
0.655000	2.825825E+1	-2.420898E-1
0.660000	3.224161E+1	-3.073992E-1
0.665000	3.114618E+1	-3.752204E-1
0.670000	2.915450E+1	-4.355059E-1
0.675000	3.861499E+1	-4.907677E-1
0.680000	3.323745E+1	-5.585889E-1
0.685000	3.941166E+1	-6.264102E-1
0.690000	4.070625E+1	-6.791600E-1
0.695000	3.652372E+1	-7.469812E-1
0.700000	4.837422E+1	-8.148025E-1
0.705000	3.931208E+1	-8.725761E-1
0.710000	5.096341E+1	-9.278379E-1
0.715000	4.797589E+1	-9.780758E-1
0.720000	4.578504E+1	-1.050921E+0
0.725000	5.962722E+1	-1.123766E+0
0.730000	4.817506E+1	-1.181540E+0
0.735000	6.291350E+1	-1.236801E+0
0.740000	5.773512E+1	-1.299599E+0
0.745000	6.122057E+1	-1.357372E+0
0.750000	6.679727E+1	-1.425194E+0
0.755000	6.171849E+1	-1.493015E+0
0.760000	6.799228E+1	-1.548277E+0
0.765000	6.580143E+1	-1.603538E+0
0.770000	6.669769E+1	-1.668848E+0
0.775000	7.018313E+1	-1.731645E+0
0.780000	6.689686E+1	-1.799466E+0
0.785000	7.038230E+1	-1.854728E+0
0.790000	7.088022E+1	-1.915014E+0
0.795000	7.197564E+1	-1.975299E+0
0.800000	6.918729E+1	-2.040608E+0
0.805000	7.058147E+1	-2.108430E+0
0.810000	6.898812E+1	-2.161180E+0
0.815000	6.888854E+1	-2.216441E+0
0.820000	6.669769E+1	-2.281751E+0
0.825000	6.420809E+1	-2.352084E+0
0.830000	6.689686E+1	-2.409857E+0
0.835000	5.813346E+1	-2.465119E+0
0.840000	6.679727E+1	-2.522893E+0
0.845000	6.201724E+1	-2.593226E+0
0.850000	5.494677E+1	-2.656023E+0
0.855000	6.251516E+1	-2.713797E+0
0.860000	5.146133E+1	-2.769059E+0
0.865000	5.902972E+1	-2.826832E+0
0.870000	5.614178E+1	-2.892142E+0
0.875000	4.727880E+1	-2.959963E+0
0.880000	5.693845E+1	-3.017737E+0
0.885000	4.190126E+1	-3.072998E+0
0.890000	5.066466E+1	-3.135796E+0
0.895000	4.588462E+1	-3.203617E+0
0.900000	3.911291E+1	-3.258879E+0
0.905000	4.966882E+1	-3.316652E+0
0.910000	3.273953E+1	-3.379450E+0
0.915000	3.871457E+1	-3.439735E+0
0.920000	3.911291E+1	-3.505045E+0
0.925000	2.965242E+1	-3.567842E+0
0.930000	3.911291E+1	-3.620592E+0
0.935000	2.696365E+1	-3.678366E+0
0.940000	3.154452E+1	-3.741163E+0
0.945000	3.034951E+1	-3.793913E+0
0.950000	3.034951E+1	-3.806472E+0
0.955000	3.702164E+1	-3.733627E+0
0.960000	2.955284E+1	-3.668318E+0
0.965000	3.512955E+1	-3.587937E+0
0.970000	3.602580E+1	-3.525140E+0
0.975000	2.925409E+1	-3.444759E+0
0.980000	4.797589E+1	-3.371914E+0
0.985000	3.303828E+1	-3.311629E+0
0.990000	4.498837E+1	-3.236272E+0
0.995000	4.289710E+1	-3.158403E+0
1.000000	3.652372E+1	-3.085558E+0
1.005000	5.644053E+1	-3.017737E+0
1.010000	4.279752E+1	-2.949915E+0
1.015000	5.255675E+1	-2.869535E+0
1.020000	5.385135E+1	-2.794178E+0
1.025000	4.887214E+1	-2.723845E+0
1.030000	6.380975E+1	-2.658535E+0
1.035000	5.255675E+1	-2.595738E+0
1.040000	6.590102E+1	-2.517869E+0
1.045000	6.380975E+1	-2.434976E+0
1.050000	5.743637E+1	-2.364643E+0
1.055000	6.938646E+1	-2.296822E+0
1.060000	6.420809E+1	-2.221465E+0
1.065000	7.277232E+1	-2.153644E+0
1.070000	7.088022E+1	-2.075775E+0
1.075000	6.779311E+1	-2.005442E+0
1.080000	6.948604E+1	-1.932597E+0
1.085000	7.107939E+1	-1.859752E+0
1.090000	6.978479E+1	-1.784395E+0
1.095000	6.978479E+1	-1.721597E+0
1.100000	7.127856E+1	-1.651264E+0
1.105000	6.470601E+1	-1.573396E+0
1.110000	7.257315E+1	-1.500550E+0
1.115000	6.530351E+1	-1.435241E+0
1.120000	6.908771E+1	-1.344813E+0
1.125000	6.689686E+1	-1.269456E+0
1.130000	5.883055E+1	-1.209170E+0
1.135000	6.470601E+1	-1.141349E+0
1.140000	5.255675E+1	-1.063480E+0
1.145000	5.932847E+1	-9.856115E-1
1.150000	4.887214E+1	-9.253260E-1
1.155000	4.817506E+1	-8.474571E-1
1.160000	5.305467E+1	-7.645645E-1
1.165000	4.100501E+1	-6.942314E-1
1.170000	4.538670E+1	-6.289221E-1
1.175000	3.622497E+1	-5.485413E-1
1.180000	3.453204E+1	-4.706725E-1
1.185000	3.632455E+1	-4.028513E-1
1.190000	2.975201E+1	-3.325181E-1
1.195000	3.463163E+1	-2.546493E-1
1.200000	2.815866E+1	-1.868281E-1
1.205000	3.094702E+1	-1.114712E-1
1.210000	2.835783E+1	-4.113804E-2
1.215000	2.925409E+1	3.924268E-2
1.220000	2.965242E+1	1.095758E-1
1.225000	3.283911E+1	1.824208E-1
1.230000	2.875617E+1	2.527540E-1
1.235000	3.254036E+1	3.281109E-1
1.240000	3.303828E+1	4.084916E-1
1.245000	3.204244E+1	4.738010E-1
1.250000	4.419169E+1	5.416222E-1
1.255000	2.985159E+1	6.194910E-1
1.260000	5.036591E+1	6.998717E-1
1.265000	3.990958E+1	7.752287E-1
1.270000	4.160251E+1	8.405380E-1
1.275000	5.564386E+1	9.108711E-1
1.280000	3.751956E+1	9.937637E-1
1.285000	6.301308E+1	1.071633E+0
1.290000	4.787630E+1	1.136942E+0
1.295000	5.106299E+1	1.207275E+0
1.300000	6.858979E+1	1.277608E+0
1.305000	4.488878E+1	1.357989E+0
1.310000	7.127856E+1	1.435858E+0
1.315000	5.146133E+1	1.508703E+0
1.320000	6.490518E+1	1.579036E+0
1.325000	7.376816E+1	1.654393E+0
1.330000	5.255675E+1	1.724726E+0
1.335000	6.769353E+1	1.802595E+0
1.340000	6.629935E+1	1.880464E+0
1.345000	7.078063E+1	1.955820E+0
1.350000	6.769353E+1	2.026154E+0
1.355000	5.922889E+1	2.088951E+0
1.360000	5.733679E+1	2.164308E+0
1.365000	6.988438E+1	2.247201E+0
1.370000	6.938646E+1	2.327581E+0
1.375000	5.912930E+1	2.397914E+0
1.380000	7.058147E+1	2.468248E+0
1.385000	3.951124E+1	2.541093E+0
1.390000	7.157731E+1	2.623985E+0
1.395000	6.191765E+1	2.704366E+0
1.400000	4.737838E+1	2.777211E+0
1.405000	7.536150E+1	2.852568E+0
1.410000	3.194286E+1	2.927925E+0
1.415000	6.739478E+1	3.003282E+0
1.420000	4.498837E+1	3.081151E+0
1.425000	3.672289E+1	3.151484E+0
1.430000	6.291350E+1	3.224329E+0
1.435000	3.024993E+1	3.199210E+0
1.440000	6.371017E+1	3.133900E+0
1.445000	4.259835E+1	3.066079E+0
1.450000	3.891374E+1	3.000770E+0
1.455000	6.510434E+1	2.940484E+0
1.460000	3.522913E+1	2.877687E+0
1.465000	6.699644E+1	2.819913E+0
1.470000	4.867298E+1	2.752092E+0
1.475000	5.335343E+1	2.686783E+0
1.480000	6.968521E+1	2.611426E+0
1.485000	4.887214E+1	2.546116E+0
1.490000	7.257315E+1	2.488343E+0
1.495000	6.082223E+1	2.418010E+0
1.500000	6.709603E+1	2.367772E+0
1.505000	7.058147E+1	2.302462E+0
1.510000	5.912930E+1	2.234641E+0
1.515000	6.978479E+1	2.169332E+0
1.520000	6.868937E+1	2.101511E+0
1.525000	7.217481E+1	2.043737E+0
1.530000	6.918729E+1	1.983451E+0
1.535000	6.839062E+1	1.920654E+0
1.540000	6.888854E+1	1.852833E+0
1.545000	7.327024E+1	1.779988E+0
1.550000	7.028271E+1	1.722214E+0
1.555000	6.669769E+1	1.659417E+0
1.560000	7.058147E+1	1.606667E+0
1.565000	6.171849E+1	1.538845E+0
1.570000	6.968521E+1	1.471024E+0
1.575000	5.992597E+1	1.405715E+0
1.580000	6.271433E+1	1.350453E+0
1.585000	6.779311E+1	1.290168E+0
1.590000	5.295509E+1	1.222346E+0
1.595000	6.361058E+1	1.157037E+0
1.600000	5.624136E+1	1.094240E+0
1.605000	5.454844E+1	1.033954E+0
1.610000	5.902972E+1	9.812042E-1
1.615000	4.827464E+1	9.108711E-1
1.620000	5.375176E+1	8.405380E-1
1.625000	4.419169E+1	7.802524E-1
1.630000	4.518754E+1	7.224788E-1
1.635000	4.419169E+1	6.697290E-1
1.640000	3.901332E+1	5.993958E-1
1.645000	4.757755E+1	5.340865E-1
1.650000	3.951124E+1	4.637534E-1
1.655000	3.741998E+1	4.084916E-1
1.660000	4.130376E+1	3.456942E-1
1.665000	3.323745E+1	2.904324E-1
1.670000	3.502996E+1	2.251231E-1
1.675000	3.104660E+1	1.573019E-1
1.680000	3.184327E+1	1.020401E-1
1.685000	3.234119E+1	3.673079E-2
1.690000	2.805908E+1	-2.104286E-2
1.695000	3.034951E+1	-8.132840E-2
1.700000	3.024993E+1	-1.491496E-1
1.705000	2.975201E+1	-2.245066E-1
1.710000	2.915450E+1	-2.822802E-1
1.715000	3.393454E+1	-3.375419E-1
1.720000	3.174369E+1	-3.928037E-1
1.725000	2.905492E+1	-4.556011E-1
1.730000	3.224161E+1	-5.234224E-1
1.735000	3.283911E+1	-5.912436E-1
1.740000	4.070625E+1	-6.515291E-1
1.745000	3.632455E+1	-7.067909E-1
1.750000	3.562747E+1	-7.620526E-1
1.755000	4.468961E+1	-8.273620E-1
1.760000	4.030792E+1	-8.976951E-1
1.765000	4.478920E+1	-9.680282E-1
1.770000	5.385135E+1	-1.018266E+0
1.775000	4.060667E+1	-1.081064E+0
1.780000	5.494677E+1	-1.138837E+0
1.785000	5.444885E+1	-1.201635E+0
1.790000	4.747797E+1	-1.266944E+0
1.795000	6.450684E+1	-1.322206E+0
1.800000	5.703804E+1	-1.395051E+0
1.805000	6.132015E+1	-1.457848E+0
1.810000	7.018313E+1	-1.515622E+0
1.815000	5.952764E+1	-1.575907E+0
1.820000	7.247356E+1	-1.628657E+0
1.825000	6.540310E+1	-1.696478E+0
1.830000	6.709603E+1	-1.761788E+0
1.835000	6.928687E+1	-1.822073E+0
1.840000	6.450684E+1	-1.879847E+0
1.845000	6.839062E+1	-1.935109E+0
1.850000	6.998396E+1	-2.002930E+0
1.855000	6.968521E+1	-2.070751E+0
1.860000	6.839062E+1	-2.133549E+0
1.865000	7.127856E+1	-2.188810E+0
1.870000	6.739478E+1	-2.251608E+0
1.875000	6.938646E+1	-2.304358E+0
1.880000	7.028271E+1	-2.372179E+0
1.885000	6.241558E+1	-2.432464E+0
1.890000	6.769353E+1	-2.497774E+0
1.895000	5.415010E+1	-2.553036E+0
1.900000	6.141973E+1	-2.615833E+0
1.905000	6.629935E+1	-2.678630E+0
1.910000	5.375176E+1	-2.733892E+0
1.915000	6.112098E+1	-2.794178E+0
1.920000	5.514594E+1	-2.861999E+0
1.925000	5.335343E+1	-2.927308E+0
1.930000	5.893013E+1	-2.987594E+0
1.935000	4.249877E+1	-3.047879E+0
1.940000	5.454844E+1	-3.110677E+0
1.945000	4.787630E+1	-3.163427E+0
1.950000	4.100501E+1	-3.221200E+0
1.955000	5.215842E+1	-3.286510E+0
1.960000	3.343662E+1	-3.339259E+0
1.965000	4.439086E+1	-3.402057E+0
1.970000	3.891374E+1	-3.467366E+0
1.975000	3.094702E+1	-3.530164E+0
1.980000	4.628296E+1	-3.592961E+0
1.985000	2.945326E+1	-3.648223E+0
1.990000	3.333703E+1	-3.708508E+0
1.995000	3.463163E+1	-3.761258E+0
2.000000	2.925409E+1	-3.824056E+0
2.005000	4.409211E+1	-3.778842E+0
2.010000	2.676449E+1	-3.711020E+0
2.015000	3.194286E+1	-3.633151E+0
2.020000	4.498837E+1	-3.555283E+0
2.025000	2.845742E+1	-3.487461E+0
2.030000	5.185967E+1	-3.419640E+0
2.035000	2.955284E+1	-3.354331E+0
2.040000	4.100501E+1	-3.281486E+0
2.045000	5.564386E+1	-3.206129E+0
2.050000	3.522913E+1	-3.128260E+0
2.055000	6.151932E+1	-3.060439E+0
2.060000	4.498837E+1	-2.995129E+0
2.065000	5.185967E+1	-2.917261E+0
2.070000	5.673928E+1	-2.844416E+0
2.075000	4.180168E+1	-2.771571E+0
2.080000	7.028271E+1	-2.706261E+0
2.085000	4.937007E+1	-2.633416E+0
2.090000	6.480559E+1	-2.553036E+0
2.095000	6.619977E+1	-2.477679E+0
2.100000	5.424968E+1	-2.412369E+0
2.105000	7.366857E+1	-2.347060E+0
2.110000	6.062306E+1	-2.274215E+0
2.115000	7.167689E+1	-2.193834E+0
2.120000	7.556067E+1	-2.120989E+0
2.125000	6.520393E+1	-2.048144E+0
2.130000	6.739478E+1	-1.970275E+0
2.135000	6.600060E+1	-1.902454E+0
2.140000	7.197564E+1	-1.839657E+0
2.145000	7.247356E+1	-1.766812E+0
2.150000	6.918729E+1	-1.688943E+0
2.155000	5.833263E+1	-1.616098E+0
2.160000	7.287190E+1	-1.540741E+0
2.165000	6.689686E+1	-1.470408E+0
2.170000	6.530351E+1	-1.402586E+0
2.175000	7.267273E+1	-1.322206E+0
2.180000	4.668130E+1	-1.244337E+0
2.185000	6.868937E+1	-1.166468E+0
2.190000	4.787630E+1	-1.106183E+0
2.195000	5.753596E+1	-1.035849E+0
2.200000	6.420809E+1	-9.579806E-1
2.205000	3.244078E+1	-8.801118E-1
2.210000	5.703804E+1	-8.148025E-1
2.215000	4.259835E+1	-7.469812E-1
2.220000	3.871457E+1	-6.666005E-1
2.225000	4.000916E+1	-5.887317E-1
2.230000	2.895534E+1	-5.183986E-1
2.235000	4.020833E+1	-4.530892E-1
2.240000	3.074785E+1	-3.701966E-1
2.245000	3.204244E+1	-3.023754E-1
2.250000	2.955284E+1	-2.295303E-1
2.255000	2.835783E+1	-1.617091E-1
2.260000	3.303828E+1	-8.384029E-2
2.265000	2.915450E+1	-9.476753E-4
2.270000	2.995118E+1	6.687356E-2
2.275000	2.726241E+1	1.321829E-1
2.280000	3.522913E+1	2.050279E-1
2.285000	3.144494E+1	2.879205E-1
2.290000	3.323745E+1	3.683013E-1
2.295000	2.955284E+1	4.386344E-1
2.300000	3.592622E+1	5.064556E-1
2.305000	4.528712E+1	5.793006E-1
2.310000	3.273953E+1	6.420981E-1
2.315000	4.578504E+1	7.275026E-1
2.320000	4.120417E+1	7.978357E-1
2.325000	4.568546E+1	8.757046E-1
2.330000	5.584303E+1	9.460377E-1
2.335000	4.259835E+1	1.018883E+0
2.340000	6.092181E+1	1.096752E+0
2.345000	5.275592E+1	1.174620E+0
2.350000	5.703804E+1	1.244953E+0
2.355000	6.789270E+1	1.312775E+0
2.360000	5.644053E+1	1.388132E+0
2.365000	7.217481E+1	1.466000E+0
2.370000	6.500476E+1	1.538845E+0
2.375000	6.779311E+1	1.599131E+0
2.380000	7.705443E+1	1.684536E+0
2.385000	6.450684E+1	1.757381E+0
2.390000	7.217481E+1	1.837761E+0
2.395000	7.476400E+1	1.908094E+0
2.400000	7.257315E+1	1.975916E+0
2.405000	7.356899E+1	2.056296E+0
2.410000	7.038230E+1	2.134165E+0
2.415000	7.107939E+1	2.209522E+0
2.420000	7.207523E+1	2.277343E+0
2.425000	7.287190E+1	2.347676E+0
2.430000	6.132015E+1	2.428057E+0
2.435000	7.018313E+1	2.510950E+0
2.440000	6.261474E+1	2.571235E+0
2.445000	6.490518E+1	2.666687E+0
2.450000	6.221641E+1	2.721949E+0
2.455000	4.767714E+1	2.804842E+0
2.460000	6.400892E+1	2.885223E+0
2.465000	4.717922E+1	2.955556E+0
2.470000	4.508795E+1	3.023377E+0
2.475000	5.185967E+1	3.106270E+0
2.480000	3.821665E+1	3.184138E+0
2.485000	4.767714E+1	3.229353E+0
2.490000	3.951124E+1	3.174091E+0
2.495000	4.180168E+1	3.111293E+0
2.500000	5.584303E+1	3.035936E+0
2.505000	4.180168E+1	2.978163E+0
2.510000	5.504636E+1	2.920389E+0
2.515000	5.345301E+1	2.840008E+0
2.520000	5.833263E+1	2.789770E+0
2.525000	6.440726E+1	2.719437E+0
2.530000	5.066466E+1	2.649104E+0
2.535000	6.540310E+1	2.598866E+0
2.540000	6.430767E+1	2.533557E+0
2.545000	6.301308E+1	2.463224E+0
2.550000	7.038230E+1	2.390379E+0
2.555000	6.470601E+1	2.325069E+0
2.560000	7.297148E+1	2.267296E+0
2.565000	7.187606E+1	2.214546E+0
2.570000	7.038230E+1	2.144213E+0
2.575000	7.177648E+1	2.078903E+0
2.580000	7.307107E+1	2.021130E+0
2.585000	7.416649E+1	1.960844E+0
2.590000	7.257315E+1	1.887999E+0
2.595000	7.456483E+1	1.820178E+0
2.600000	6.819145E+1	1.764916E+0
2.605000	7.904611E+1	1.699607E+0
2.610000	7.376816E+1	1.641833E+0
2.615000	6.938646E+1	1.574012E+0
2.620000	7.645693E+1	1.506191E+0
2.625000	5.504636E+1	1.455953E+0
2.630000	7.297148E+1	1.385620E+0
2.635000	6.819145E+1	1.322822E+0
2.640000	5.305467E+1	1.267561E+0
2.645000	7.068105E+1	1.192204E+0
2.650000	4.528712E+1	1.136942E+0
2.655000	7.137814E+1	1.076656E+0
2.660000	6.171849E+1	1.003811E+0
2.665000	4.170209E+1	9.359901E-1
2.670000	6.739478E+1	8.832402E-1
2.675000	3.572705E+1	8.304904E-1
2.680000	5.205883E+1	7.676930E-1
2.685000	5.076424E+1	6.998717E-1
2.690000	3.771873E+1	6.320505E-1
2.695000	6.052348E+1	5.742769E-1
2.700000	3.074785E+1	5.114794E-1
2.705000	4.150293E+1	4.511939E-1
2.710000	4.269793E+1	3.808607E-1
2.715000	2.746157E+1	3.205752E-1
2.720000	4.498837E+1	2.577778E-1
2.725000	3.084743E+1	1.899565E-1
2.730000	3.064826E+1	1.372067E-1
2.735000	3.463163E+1	7.943304E-2
2.740000	3.114618E+1	9.099915E-3
2.745000	3.303828E+1	-5.118563E-2
2.750000	2.835783E+1	-1.215188E-1
2.755000	3.024993E+1	-1.767805E-1
2.760000	3.174369E+1	-2.345541E-1
2.765000	3.722081E+1	-3.023754E-1
2.770000	2.925409E+1	-3.727085E-1
2.775000	3.273953E+1	-4.229465E-1
2.780000	3.632455E+1	-4.807201E-1
2.785000	2.915450E+1	-5.485413E-1
2.790000	4.568546E+1	-6.188745E-1
2.795000	3.234119E+1	-6.716243E-1
2.800000	4.130376E+1	-7.344217E-1
2.805000	4.449045E+1	-8.047549E-1
2.810000	3.751956E+1	-8.600166E-1
2.815000	5.783471E+1	-9.152784E-1
2.820000	3.941166E+1	-9.856115E-1
2.825000	4.907131E+1	-1.053433E+0
2.830000	6.062306E+1	-1.106183E+0
2.835000	4.259835E+1	-1.171492E+0
2.840000	6.012514E+1	-1.224242E+0
2.845000	5.763554E+1	-1.289551E+0
2.850000	6.012514E+1	-1.349837E+0
2.855000	6.580143E+1	-1.410122E+0
2.860000	6.012514E+1	-1.475432E+0
2.865000	7.177648E+1	-1.543253E+0
2.870000	6.749436E+1	-1.611074E+0
2.875000	6.659811E+1	-1.661312E+0
2.880000	7.277232E+1	-1.719086E+0
2.885000	6.590102E+1	-1.784395E+0
2.890000	7.247356E+1	-1.849704E+0
2.895000	7.147772E+1	-1.909990E+0
2.900000	7.476400E+1	-1.960228E+0
2.905000	7.038230E+1	-2.023025E+0
2.910000	7.237398E+1	-2.090846E+0
2.915000	6.978479E+1	-2.151132E+0
2.920000	7.396732E+1	-2.218953E+0
2.925000	7.177648E+1	-2.279239E+0
2.930000	6.440726E+1	-2.331989E+0
2.935000	7.018313E+1	-2.397298E+0
2.940000	6.530351E+1	-2.462607E+0
2.945000	6.699644E+1	-2.520381E+0
2.950000	6.580143E+1	-2.575643E+0
2.955000	5.883055E+1	-2.643464E+0
2.960000	6.371017E+1	-2.708773E+0
2.965000	5.584303E+1	-2.761523E+0
2.970000	5.743637E+1	-2.819297E+0
2.975000	5.863138E+1	-2.882094E+0
2.980000	4.877256E+1	-2.944892E+0
2.985000	5.484719E+1	-3.017737E+0
2.990000	4.339502E+1	-3.067975E+0
2.995000	4.518754E+1	-3.125748E+0
3.000000	4.797589E+1	-3.188546E+0
3.005000	3.751956E+1	-3.256367E+0
3.010000	4.996757E+1	-3.309117E+0
3.015000	3.552788E+1	-3.364378E+0
3.020000	3.732040E+1	-3.429688E+0
3.025000	3.911291E+1	-3.497509E+0
3.030000	3.114618E+1	-3.550259E+0
3.035000	4.050708E+1	-3.613056E+0
3.040000	2.965242E+1	-3.678366E+0
3.045000	3.263995E+1	-3.733627E+0
3.050000	2.835783E+1	-3.788889E+0
3.055000	2.925409E+1	-3.819032E+0
3.060000	3.343662E+1	-3.753723E+0
3.065000	2.985159E+1	-3.675854E+0
3.070000	3.064826E+1	-3.592961E+0
3.075000	3.612539E+1	-3.532676E+0
3.080000	3.114618E+1	-3.467366E+0
3.085000	4.160251E+1	-3.386986E+0
3.090000	3.423329E+1	-3.309117E+0
3.095000	4.548629E+1	-3.241295E+0
3.100000	4.578504E+1	-3.170962E+0
3.105000	3.990958E+1	-3.108165E+0
3.110000	4.817506E+1	-3.030296E+0
3.115000	4.937007E+1	-2.949915E+0
3.120000	5.534511E+1	-2.884606E+0
3.125000	5.534511E+1	-2.816785E+0
3.130000	4.737838E+1	-2.748964E+0
3.135000	6.410850E+1	-2.673607E+0
3.140000	5.863138E+1	-2.590714E+0
3.145000	5.614178E+1	-2.517869E+0
3.150000	6.649852E+1	-2.447536E+0
3.155000	5.902972E+1	-2.384738E+0
3.160000	6.998396E+1	-2.314405E+0
3.165000	6.580143E+1	-2.236536E+0
3.170000	6.709603E+1	-2.163691E+0
3.175000	7.147772E+1	-2.083311E+0
3.180000	7.058147E+1	-2.012978E+0
3.185000	7.048188E+1	-1.947668E+0
3.190000	7.267273E+1	-1.877335E+0
3.195000	7.466441E+1	-1.804490E+0
3.200000	7.187606E+1	-1.726621E+0
3.205000	7.406691E+1	-1.651264E+0
3.210000	7.088022E+1	-1.585955E+0
3.215000	7.217481E+1	-1.520646E+0
3.220000	7.127856E+1	-1.435241E+0
3.225000	6.390934E+1	-1.367420E+0
3.230000	6.759395E+1	-1.294575E+0
3.235000	6.261474E+1	-1.226754E+0
3.240000	6.132015E+1	-1.146373E+0
3.245000	5.952764E+1	-1.065992E+0
3.250000	5.484719E+1	-9.981710E-1
3.255000	5.375176E+1	-9.328616E-1
3.260000	4.996757E+1	-8.600166E-1
3.265000	4.538670E+1	-7.846597E-1
3.270000	4.897173E+1	-7.093028E-1
3.275000	4.070625E+1	-6.314339E-1
3.280000	4.070625E+1	-5.661246E-1
3.285000	3.821665E+1	-4.983034E-1
3.290000	3.273953E+1	-4.229465E-1
3.295000	3.751956E+1	-3.400538E-1
3.300000	3.353620E+1	-2.621850E-1
3.305000	3.104660E+1	-1.943638E-1
3.310000	2.955284E+1	-1.215188E-1
3.315000	2.885575E+1	-5.620942E-2
3.320000	3.214203E+1	2.417130E-2
3.325000	2.875617E+1	1.045520E-1
3.330000	2.955284E+1	1.723733E-1
3.335000	3.134535E+1	2.376826E-1
3.340000	3.184327E+1	3.155514E-1
3.345000	2.995118E+1	3.934202E-1
3.350000	3.303828E+1	4.662653E-1
3.355000	3.632455E+1	5.340865E-1
3.360000	3.871457E+1	6.169791E-1
3.365000	3.921249E+1	6.822884E-1
3.370000	3.383495E+1	7.526216E-1
3.375000	4.180168E+1	8.304904E-1
3.380000	4.628296E+1	9.108711E-1
3.385000	4.379336E+1	9.736686E-1
3.390000	5.086383E+1	1.051537E+0
3.395000	5.265634E+1	1.131918E+0
3.400000	5.355259E+1	1.199739E+0
3.405000	5.783471E+1	1.270072E+0
3.410000	5.434927E+1	1.342917E+0
3.415000	6.470601E+1	1.420786E+0
3.420000	6.072265E+1	1.503679E+0
3.425000	5.693845E+1	1.561453E+0
3.430000	6.888854E+1	1.641833E+0
3.435000	6.580143E+1	1.722214E+0
3.440000	6.978479E+1	1.790035E+0
3.445000	6.948604E+1	1.857856E+0
3.450000	7.217481E+1	1.945773E+0
3.455000	7.277232E+1	2.013594E+0
3.460000	7.297148E+1	2.086439E+0
3.465000	7.177648E+1	2.164308E+0
3.470000	7.297148E+1	2.244689E+0
3.475000	7.147772E+1	2.309998E+0
3.480000	6.948604E+1	2.380331E+0
3.485000	7.088022E+1	2.465736E+0
3.490000	6.430767E+1	2.533557E+0
3.495000	6.968521E+1	2.608914E+0
3.500000	6.809187E+1	2.679247E+0
3.505000	5.843221E+1	2.762140E+0
3.510000	6.629935E+1	2.837497E+0
3.515000	4.787630E+1	2.907830E+0
3.520000	5.215842E+1	2.993234E+0
3.525000	5.195925E+1	3.061055E+0
3.530000	4.429128E+1	3.128877E+0
3.535000	5.265634E+1	3.211769E+0
3.540000	4.040750E+1	3.216793E+0
3.545000	4.777672E+1	3.141436E+0
3.550000	5.295509E+1	3.081151E+0
3.555000	4.508795E+1	3.013329E+0
3.560000	6.450684E+1	2.942996E+0
3.565000	5.564386E+1	2.887734E+0
3.570000	5.325384E+1	2.819913E+0
3.575000	6.380975E+1	2.752092E+0
3.580000	5.514594E+1	2.694318E+0
3.585000	6.918729E+1	2.626497E+0
3.590000	6.480559E+1	2.558676E+0
3.595000	6.520393E+1	2.498390E+0
3.600000	7.127856E+1	2.440617E+0
3.605000	6.460642E+1	2.370284E+0
3.610000	7.287190E+1	2.302462E+0
3.615000	7.008355E+1	2.247201E+0
3.620000	7.356899E+1	2.176867E+0
3.625000	7.127856E+1	2.106534E+0
3.630000	6.988438E+1	2.053784E+0
3.635000	7.038230E+1	1.988475E+0
3.640000	7.078063E+1	1.920654E+0
3.645000	7.078063E+1	1.862880E+0
3.650000	6.619977E+1	1.805107E+0
3.655000	7.107939E+1	1.737285E+0
3.660000	6.450684E+1	1.666952E+0
3.665000	6.868937E+1	1.606667E+0
3.670000	6.550268E+1	1.548893E+0
3.675000	6.052348E+1	1.486096E+0
3.680000	7.078063E+1	1.420786E+0
3.685000	5.902972E+1	1.350453E+0
3.690000	5.634095E+1	1.285144E+0
3.695000	5.942805E+1	1.234906E+0
3.700000	5.126216E+1	1.177132E+0
3.705000	5.863138E+1	1.109311E+0
3.710000	4.837422E+1	1.041490E+0
3.715000	4.777672E+1	9.837161E-1
3.720000	5.185967E+1	9.284544E-1
3.725000	4.459003E+1	8.556094E-1
3.730000	4.827464E+1	7.852762E-1
3.735000	4.449045E+1	7.275026E-1
3.740000	4.050708E+1	6.697290E-1
3.745000	4.568546E+1	6.069315E-1
3.750000	3.313787E+1	5.516698E-1
3.755000	4.060667E+1	4.838485E-1
3.760000	3.363579E+1	4.235630E-1
3.765000	3.423329E+1	3.507180E-1
3.770000	3.313787E+1	2.954562E-1
3.775000	3.144494E+1	2.376826E-1
3.780000	3.313787E+1	1.748851E-1
3.785000	3.005076E+1	1.045520E-1
3.790000	2.885575E+1	3.924268E-2
3.795000	3.024993E+1	-2.104286E-2
3.800000	2.955284E+1	-7.630460E-2
3.805000	3.005076E+1	-1.340782E-1
3.810000	2.815866E+1	-1.943638E-1
3.815000	3.293870E+1	-2.646969E-1
3.820000	3.024993E+1	-3.325181E-1
3.825000	3.512955E+1	-3.902918E-1
3.830000	2.885575E+1	-4.480654E-1
3.835000	3.622497E+1	-5.158867E-1
3.840000	4.020833E+1	-5.736603E-1
3.845000	3.493038E+1	-6.364577E-1
3.850000	4.399253E+1	-7.042790E-1
3.855000	3.841582E+1	-7.595407E-1
3.860000	4.548629E+1	-8.173144E-1
3.865000	4.817506E+1	-8.826237E-1
3.870000	4.518754E+1	-9.454211E-1
3.875000	5.335343E+1	-1.015754E+0
3.880000	5.146133E+1	-1.068504E+0
3.885000	5.783471E+1	-1.128790E+0
3.890000	6.102140E+1	-1.201635E+0
3.895000	5.972681E+1	-1.256896E+0
3.900000	6.699644E+1	-1.309646E+0
3.905000	6.281391E+1	-1.377468E+0
3.910000	6.779311E+1	-1.447801E+0
3.915000	6.789270E+1	-1.498039E+0
3.920000	6.849020E+1	-1.555812E+0
3.925000	7.088022E+1	-1.623633E+0
3.930000	7.038230E+1	-1.691455E+0
3.935000	7.147772E+1	-1.749228E+0
3.940000	7.217481E+1	-1.812026E+0
3.945000	7.177648E+1	-1.882359E+0
3.950000	7.247356E+1	-1.932597E+0
3.955000	7.277232E+1	-1.987859E+0
3.960000	7.386774E+1	-2.060704E+0
3.965000	7.107939E+1	-2.115965E+0
3.970000	6.839062E+1	-2.178763E+0
3.975000	7.018313E+1	-2.244072E+0
3.980000	6.868937E+1	-2.301846E+0
3.985000	6.530351E+1	-2.359619E+0
3.990000	6.400892E+1	-2.424929E+0
3.995000	6.550268E+1	-2.492750E+0
4.000000	6.380975E+1	-2.542988E+0
4.005000	6.032431E+1	-2.605785E+0
4.010000	5.584303E+1	-2.671095E+0
4.015000	5.863138E+1	-2.723845E+0
4.020000	5.514594E+1	-2.789154E+0
4.025000	5.305467E+1	-2.856975E+0
4.030000	5.255675E+1	-2.899677E+0
4.035000	4.946965E+1	-2.972522E+0
4.040000	4.976840E+1	-3.035320E+0
4.045000	4.817506E+1	-3.090582E+0
4.050000	4.160251E+1	-3.155891E+0
4.055000	4.548629E+1	-3.221200E+0
4.060000	3.951124E+1	-3.276462E+0
4.065000	4.020833E+1	-3.329212E+0
4.070000	3.433287E+1	-3.402057E+0
4.075000	3.552788E+1	-3.457319E+0
4.080000	3.413371E+1	-3.512580E+0
4.085000	2.995118E+1	-3.575378E+0
4.090000	3.074785E+1	-3.643199E+0
4.095000	2.935367E+1	-3.700973E+0
4.100000	3.044910E+1	-3.753723E+0
4.105000	2.875617E+1	-3.824056E+0
4.110000	2.825825E+1	-3.791401E+0
4.115000	3.024993E+1	-3.711020E+0
4.120000	3.124577E+1	-3.650735E+0
4.125000	3.323745E+1	-3.575378E+0
4.130000	3.363579E+1	-3.494997E+0
4.135000	3.234119E+1	-3.434712E+0
4.140000	3.911291E+1	-3.356843E+0
4.145000	3.831624E+1	-3.278974E+0
4.150000	3.971041E+1	-3.216176E+0
4.155000	4.399253E+1	-3.143331E+0
4.160000	4.180168E+1	-3.062951E+0
4.165000	5.185967E+1	-2.997641E+0
4.170000	4.827464E+1	-2.927308E+0
4.175000	4.897173E+1	-2.849439E+0
4.180000	5.564386E+1	-2.786642E+0
4.185000	5.225800E+1	-2.713797E+0
4.190000	5.922889E+1	-2.633416E+0
4.195000	5.853180E+1	-2.573131E+0
4.200000	5.992597E+1	-2.497774E+0
4.205000	6.361058E+1	-2.414881E+0
4.210000	6.570185E+1	-2.347060E+0
4.215000	7.018313E+1	-2.281751E+0
4.220000	6.619977E+1	-2.198858E+0
4.225000	6.669769E+1	-2.133549E+0
4.230000	7.038230E+1	-2.060704E+0
4.235000	7.048188E+1	-1.980323E+0
4.240000	7.346940E+1	-1.909990E+0
4.245000	6.978479E+1	-1.842169E+0
4.250000	7.167689E+1	-1.764300E+0
4.255000	7.058147E+1	-1.696478E+0
4.260000	7.177648E+1	-1.628657E+0
4.265000	6.968521E+1	-1.545765E+0
4.270000	7.157731E+1	-1.465384E+0
4.275000	7.058147E+1	-1.412634E+0
4.280000	6.440726E+1	-1.339789E+0
4.285000	6.898812E+1	-1.261920E+0
4.290000	5.962722E+1	-1.186563E+0
4.295000	6.361058E+1	-1.113718E+0
4.300000	5.962722E+1	-1.050921E+0
4.305000	5.255675E+1	-9.680282E-1
4.310000	5.504636E+1	-8.876475E-1
4.315000	4.887214E+1	-8.198263E-1
4.320000	4.996757E+1	-7.520050E-1
4.325000	4.140334E+1	-6.766481E-1
4.330000	3.981000E+1	-5.987793E-1
4.335000	4.060667E+1	-5.334699E-1
4.340000	3.771873E+1	-4.581130E-1
4.345000	3.572705E+1	-3.802442E-1
4.350000	3.224161E+1	-3.174468E-1
4.355000	3.602580E+1	-2.370660E-1
4.360000	3.044910E+1	-1.642210E-1
4.365000	2.736199E+1	-9.388788E-2
4.370000	2.895534E+1	-1.601906E-2
4.375000	2.965242E+1	6.184976E-2
4.380000	2.955284E+1	1.271591E-1
4.385000	2.865658E+1	1.924684E-1
4.390000	3.024993E+1	2.728492E-1
4.395000	3.393454E+1	3.507180E-1
4.400000	3.283911E+1	4.210511E-1
4.405000	3.353620E+1	4.888723E-1
4.410000	3.343662E+1	5.692531E-1
4.415000	3.961083E+1	6.471219E-1
4.420000	3.881416E+1	7.174550E-1
4.425000	4.229960E+1	7.903000E-1
4.430000	4.060667E+1	8.706808E-1
4.435000	4.578504E+1	9.334782E-1
4.440000	4.887214E+1	1.003811E+0
4.445000	5.136175E+1	1.089216E+0
4.450000	5.056507E+1	1.154525E+0
4.455000	5.634095E+1	1.224858E+0
4.460000	5.703804E+1	1.300215E+0
4.465000	5.962722E+1	1.385620E+0
4.470000	5.813346E+1	1.455953E+0
4.475000	6.112098E+1	1.523774E+0
4.480000	6.331183E+1	1.599131E+0
4.485000	6.341142E+1	1.674488E+0
4.490000	6.679727E+1	1.749845E+0
4.495000	7.028271E+1	1.820178E+0
4.500000	6.898812E+1	1.885487E+0
4.505000	6.978479E+1	1.970892E+0
4.510000	6.759395E+1	2.043737E+0
4.515000	7.187606E+1	2.116582E+0
4.520000	7.257315E+1	2.194451E+0
4.525000	7.008355E+1	2.279855E+0
4.530000	7.058147E+1	2.342653E+0
4.535000	7.346940E+1	2.410474E+0
4.540000	6.699644E+1	2.490855E+0
4.545000	6.281391E+1	2.566212E+0
4.550000	6.480559E+1	2.639057E+0
4.555000	6.600060E+1	2.716925E+0
4.560000	6.201724E+1	2.802330E+0
4.565000	5.733679E+1	2.870151E+0
4.570000	5.235759E+1	2.937972E+0
4.575000	5.345301E+1	3.020865E+0
4.580000	4.986799E+1	3.103758E+0
4.585000	4.419169E+1	3.171579E+0
4.590000	4.269793E+1	3.239400E+0
4.595000	4.628296E+1	3.181626E+0
4.600000	4.767714E+1	3.118829E+0
4.605000	4.827464E+1	3.045984E+0
4.610000	5.185967E+1	2.988210E+0
4.615000	5.534511E+1	2.927925E+0
4.620000	5.534511E+1	2.857592E+0
4.625000	5.803388E+1	2.784747E+0
4.630000	6.052348E+1	2.726973E+0
4.635000	6.371017E+1	2.666687E+0
4.640000	6.291350E+1	2.598866E+0
4.645000	6.400892E+1	2.536069E+0
4.650000	6.699644E+1	2.463224E+0
4.655000	7.038230E+1	2.407962E+0
4.660000	6.938646E+1	2.342653E+0
4.665000	6.948604E+1	2.282367E+0
4.670000	7.197564E+1	2.217058E+0
4.675000	7.436566E+1	2.144213E+0
4.680000	7.207523E+1	2.093975E+0
4.685000	7.058147E+1	2.023642E+0
4.690000	6.858979E+1	1.955820E+0
4.695000	7.088022E+1	1.898047E+0
4.700000	7.028271E+1	1.840273E+0
4.705000	6.610018E+1	1.772452E+0
4.710000	7.097980E+1	1.702119E+0
4.715000	6.729519E+1	1.646857E+0
4.720000	7.107939E+1	1.581548E+0
4.725000	6.819145E+1	1.511215E+0
4.730000	6.122057E+1	1.455953E+0
4.735000	6.619977E+1	1.398179E+0
4.740000	5.902972E+1	1.330358E+0
4.745000	5.644053E+1	1.262537E+0
4.750000	5.584303E+1	1.204763E+0
4.755000	5.295509E+1	1.144478E+0
4.760000	5.325384E+1	1.084192E+0
4.765000	5.345301E+1	1.016371E+0
4.770000	4.787630E+1	9.636210E-1
4.775000	5.126216E+1	8.907759E-1
4.780000	4.847381E+1	8.304904E-1
4.785000	4.379336E+1	7.752287E-1
4.790000	4.349461E+1	6.998717E-1
4.795000	4.528712E+1	6.320505E-1
4.800000	4.140334E+1	5.793006E-1
4.805000	3.981000E+1	5.265508E-1
4.810000	3.712123E+1	4.612415E-1
4.815000	3.741998E+1	3.858845E-1
4.820000	3.502996E+1	3.356466E-1
4.825000	3.234119E+1	2.703373E-1
4.830000	3.234119E+1	2.050279E-1
4.835000	3.144494E+1	1.397186E-1
4.840000	3.114618E+1	7.692115E-2
4.845000	3.084743E+1	1.914750E-2
4.850000	2.736199E+1	-4.364993E-2
4.855000	3.074785E+1	-1.114712E-1
4.860000	3.144494E+1	-1.667329E-1
4.865000	3.064826E+1	-2.320422E-1
4.870000	2.915450E+1	-2.898159E-1
4.875000	3.114618E+1	-3.601490E-1
4.880000	3.154452E+1	-4.154108E-1
4.885000	3.403412E+1	-4.731844E-1
4.890000	3.662331E+1	-5.460294E-1
4.895000	3.632455E+1	-6.038031E-1
4.900000	3.931208E+1	-6.666005E-1
4.905000	3.971041E+1	-7.344217E-1
4.910000	4.478920E+1	-7.846597E-1
4.915000	4.269793E+1	-8.549928E-1
4.920000	4.568546E+1	-9.077427E-1
4.925000	5.215842E+1	-9.680282E-1
4.930000	4.747797E+1	-1.040873E+0
4.935000	5.524552E+1	-1.098647E+0
4.940000	5.355259E+1	-1.156421E+0
4.945000	5.654012E+1	-1.226754E+0
4.950000	6.480559E+1	-1.287039E+0
4.955000	6.102140E+1	-1.337277E+0
4.960000	6.709603E+1	-1.412634E+0
4.965000	6.281391E+1	-1.465384E+0
4.970000	6.839062E+1	-1.528181E+0
4.975000	6.789270E+1	-1.596003E+0
4.980000	6.789270E+1	-1.651264E+0
4.985000	6.978479E+1	-1.706526E+0
4.990000	6.968521E+1	-1.774347E+0
4.995000	7.356899E+1	-1.844680E+0
5.000000	7.177648E+1	-1.902454E+0

