date/time: .08/11/2023.03:03 p.m.
Run 1

time	(LX)	(V)
0.000000	8.203363E+1	-4.537435E+0
0.005000	6.998396E+1	-4.612791E+0
0.010000	7.944445E+1	-4.527387E+0
0.015000	7.526192E+1	-4.441982E+0
0.020000	8.243197E+1	-4.374161E+0
0.025000	7.934486E+1	-4.288757E+0
0.030000	8.382615E+1	-4.198328E+0
0.035000	8.024112E+1	-4.120460E+0
0.040000	7.894653E+1	-4.047615E+0
0.045000	7.436566E+1	-3.959698E+0
0.050000	7.795069E+1	-3.869270E+0
0.055000	8.123696E+1	-3.798937E+0
0.060000	7.237398E+1	-3.713532E+0
0.065000	7.635734E+1	-3.628128E+0
0.070000	6.241558E+1	-3.557795E+0
0.075000	6.570185E+1	-3.472390E+0
0.080000	6.619977E+1	-3.392009E+0
0.085000	5.345301E+1	-3.311629E+0
0.090000	7.097980E+1	-3.223712E+0
0.095000	3.971041E+1	-3.143331E+0
0.100000	4.449045E+1	-3.060439E+0
0.105000	4.737838E+1	-2.975034E+0
0.110000	3.433287E+1	-2.889630E+0
0.115000	5.066466E+1	-2.819297E+0
0.120000	2.477281E+1	-2.731380E+0
0.125000	2.706324E+1	-2.643464E+0
0.130000	3.134535E+1	-2.568107E+0
0.135000	2.278112E+1	-2.485214E+0
0.140000	2.805908E+1	-2.394786E+0
0.145000	2.039111E+1	-2.319429E+0
0.150000	2.138695E+1	-2.241560E+0
0.155000	2.327904E+1	-2.151132E+0
0.160000	2.178528E+1	-2.060704E+0
0.165000	2.039111E+1	-1.987859E+0
0.170000	2.676449E+1	-1.912502E+0
0.175000	2.696365E+1	-1.817050E+0
0.180000	2.576865E+1	-1.739181E+0
0.185000	3.652372E+1	-1.658800E+0
0.190000	2.835783E+1	-1.570884E+0
0.195000	3.861499E+1	-1.498039E+0
0.200000	4.140334E+1	-1.407610E+0
0.205000	3.712123E+1	-1.317182E+0
0.210000	5.146133E+1	-1.236801E+0
0.215000	4.578504E+1	-1.156421E+0
0.220000	6.231599E+1	-1.068504E+0
0.225000	5.972681E+1	-9.981710E-1
0.230000	6.042389E+1	-9.102546E-1
0.235000	6.878895E+1	-8.248501E-1
0.240000	6.321225E+1	-7.494931E-1
0.245000	7.575984E+1	-6.615767E-1
0.250000	7.426608E+1	-5.711484E-1
0.255000	7.735318E+1	-4.932796E-1
0.260000	7.944445E+1	-4.103870E-1
0.265000	7.904611E+1	-3.199587E-1
0.270000	8.352739E+1	-2.420898E-1
0.275000	8.243197E+1	-1.591972E-1
0.280000	7.894653E+1	-7.128081E-2
0.285000	8.004195E+1	-9.476753E-4
0.290000	8.372656E+1	8.696874E-2
0.295000	7.476400E+1	1.799089E-1
0.300000	7.277232E+1	2.502421E-1
0.305000	7.008355E+1	3.406704E-1
0.310000	6.739478E+1	4.310987E-1
0.315000	7.177648E+1	5.014318E-1
0.320000	5.883055E+1	5.993958E-1
0.325000	5.663970E+1	6.772647E-1
0.330000	5.504636E+1	7.526216E-1
0.335000	4.548629E+1	8.455618E-1
0.340000	4.986799E+1	9.158949E-1
0.345000	4.100501E+1	1.013859E+0
0.350000	4.010875E+1	1.091728E+0
0.355000	3.622497E+1	1.174620E+0
0.360000	2.955284E+1	1.260025E+0
0.365000	3.244078E+1	1.345429E+0
0.370000	2.785991E+1	1.435858E+0
0.375000	2.507156E+1	1.506191E+0
0.380000	2.288071E+1	1.594107E+0
0.385000	2.278112E+1	1.674488E+0
0.390000	2.517114E+1	1.759892E+0
0.395000	2.327904E+1	1.852833E+0
0.400000	2.178528E+1	1.923166E+0
0.405000	2.397613E+1	2.016106E+0
0.410000	2.706324E+1	2.098999E+0
0.415000	2.706324E+1	2.181891E+0
0.420000	3.234119E+1	2.277343E+0
0.425000	3.522913E+1	2.355212E+0
0.430000	3.861499E+1	2.430569E+0
0.435000	4.389294E+1	2.528533E+0
0.440000	4.399253E+1	2.608914E+0
0.445000	5.016674E+1	2.681759E+0
0.450000	5.663970E+1	2.779723E+0
0.455000	6.171849E+1	2.860104E+0
0.460000	5.992597E+1	2.937972E+0
0.465000	6.420809E+1	3.030913E+0
0.470000	6.809187E+1	3.118829E+0
0.475000	6.998396E+1	3.196698E+0
0.480000	7.406691E+1	3.294662E+0
0.485000	7.595901E+1	3.372531E+0
0.490000	7.994237E+1	3.455423E+0
0.495000	7.665609E+1	3.550875E+0
0.500000	7.675568E+1	3.626232E+0
0.505000	7.894653E+1	3.709125E+0
0.510000	7.864777E+1	3.807089E+0
0.515000	7.575984E+1	3.884958E+0
0.520000	7.566025E+1	3.972874E+0
0.525000	7.755235E+1	3.977898E+0
0.530000	7.944445E+1	3.895005E+0
0.535000	7.765193E+1	3.817137E+0
0.540000	7.854819E+1	3.744292E+0
0.545000	8.053987E+1	3.676470E+0
0.550000	8.193405E+1	3.603625E+0
0.555000	8.203363E+1	3.523245E+0
0.560000	7.964362E+1	3.460447E+0
0.565000	7.625776E+1	3.385090E+0
0.570000	7.725360E+1	3.304709E+0
0.575000	7.237398E+1	3.234376E+0
0.580000	7.526192E+1	3.164043E+0
0.585000	7.088022E+1	3.081151E+0
0.590000	7.187606E+1	3.013329E+0
0.595000	6.779311E+1	2.948020E+0
0.600000	6.211682E+1	2.865127E+0
0.605000	6.530351E+1	2.797306E+0
0.610000	5.813346E+1	2.731997E+0
0.615000	5.853180E+1	2.654128E+0
0.620000	5.514594E+1	2.581283E+0
0.625000	4.628296E+1	2.505926E+0
0.630000	4.867298E+1	2.433081E+0
0.635000	4.269793E+1	2.355212E+0
0.640000	4.040750E+1	2.287391E+0
0.645000	3.821665E+1	2.214546E+0
0.650000	3.323745E+1	2.141701E+0
0.655000	3.403412E+1	2.073880E+0
0.660000	3.234119E+1	2.006058E+0
0.665000	3.054868E+1	1.933213E+0
0.670000	2.716282E+1	1.855345E+0
0.675000	2.457364E+1	1.787523E+0
0.680000	2.457364E+1	1.717190E+0
0.685000	2.357780E+1	1.634298E+0
0.690000	2.437447E+1	1.576524E+0
0.695000	2.278112E+1	1.501167E+0
0.700000	2.148653E+1	1.423298E+0
0.705000	2.248237E+1	1.357989E+0
0.710000	2.546989E+1	1.290168E+0
0.715000	2.427489E+1	1.212299E+0
0.720000	2.278112E+1	1.149501E+0
0.725000	2.835783E+1	1.081680E+0
0.730000	2.955284E+1	9.962756E-1
0.735000	3.502996E+1	9.309663E-1
0.740000	3.463163E+1	8.631451E-1
0.745000	3.184327E+1	7.877881E-1
0.750000	4.578504E+1	7.149431E-1
0.755000	4.200085E+1	6.521457E-1
0.760000	4.927048E+1	5.742769E-1
0.765000	4.797589E+1	4.989199E-1
0.770000	4.668130E+1	4.361225E-1
0.775000	6.211682E+1	3.708132E-1
0.780000	5.415010E+1	2.854086E-1
0.785000	6.610018E+1	2.200993E-1
0.790000	7.307107E+1	1.522781E-1
0.795000	6.251516E+1	7.692115E-2
0.800000	7.396732E+1	-9.476753E-4
0.805000	7.506275E+1	-6.123322E-2
0.810000	7.635734E+1	-1.365901E-1
0.815000	7.974320E+1	-2.119471E-1
0.820000	7.536150E+1	-2.747445E-1
0.825000	7.914569E+1	-3.375419E-1
0.830000	8.153571E+1	-4.204346E-1
0.835000	8.292989E+1	-4.932796E-1
0.840000	7.775152E+1	-5.636127E-1
0.845000	8.153571E+1	-6.238983E-1
0.850000	8.153571E+1	-7.067909E-1
0.855000	8.004195E+1	-7.746121E-1
0.860000	7.446524E+1	-8.374095E-1
0.865000	7.566025E+1	-9.052308E-1
0.870000	7.615817E+1	-9.805877E-1
0.875000	6.390934E+1	-1.058457E+0
0.880000	7.336982E+1	-1.126278E+0
0.885000	6.669769E+1	-1.186563E+0
0.890000	6.211682E+1	-1.264432E+0
0.895000	5.564386E+1	-1.337277E+0
0.900000	4.837422E+1	-1.402586E+0
0.905000	5.185967E+1	-1.472920E+0
0.910000	5.634095E+1	-1.548277E+0
0.915000	3.841582E+1	-1.616098E+0
0.920000	5.255675E+1	-1.678895E+0
0.925000	3.044910E+1	-1.756764E+0
0.930000	3.831624E+1	-1.832121E+0
0.935000	3.761915E+1	-1.894918E+0
0.940000	2.357780E+1	-1.960228E+0
0.945000	3.781832E+1	-2.038097E+0
0.950000	2.377697E+1	-2.108430E+0
0.955000	3.074785E+1	-2.181275E+0
0.960000	1.919610E+1	-2.241560E+0
0.965000	2.098861E+1	-2.321941E+0
0.970000	2.746157E+1	-2.387250E+0
0.975000	2.546989E+1	-2.455072E+0
0.980000	2.218362E+1	-2.532940E+0
0.985000	2.457364E+1	-2.603273E+0
0.990000	2.377697E+1	-2.668583E+0
0.995000	2.118778E+1	-2.733892E+0
1.000000	4.598421E+1	-2.806737E+0
1.005000	2.078944E+1	-2.879582E+0
1.010000	4.628296E+1	-2.944892E+0
1.015000	3.254036E+1	-3.022760E+0
1.020000	2.756116E+1	-3.093094E+0
1.025000	6.400892E+1	-3.158403E+0
1.030000	2.128736E+1	-3.221200E+0
1.035000	7.575984E+1	-3.296557E+0
1.040000	3.971041E+1	-3.369402E+0
1.045000	4.160251E+1	-3.427176E+0
1.050000	8.302947E+1	-3.507557E+0
1.055000	2.417530E+1	-3.577890E+0
1.060000	8.133654E+1	-3.635663E+0
1.065000	5.305467E+1	-3.713532E+0
1.070000	5.524552E+1	-3.786377E+0
1.075000	7.575984E+1	-3.849175E+0
1.080000	2.088903E+1	-3.909460E+0
1.085000	8.103779E+1	-3.984817E+0
1.090000	8.034070E+1	-4.052638E+0
1.095000	5.434927E+1	-4.125483E+0
1.100000	5.036591E+1	-4.190793E+0
1.105000	4.279752E+1	-4.268662E+0
1.110000	7.287190E+1	-4.331459E+0
1.115000	7.934486E+1	-4.404304E+0
1.120000	6.699644E+1	-4.462078E+0
1.125000	4.200085E+1	-4.542458E+0
1.130000	7.187606E+1	-4.602744E+0
1.135000	7.705443E+1	-4.529899E+0
1.140000	7.765193E+1	-4.454542E+0
1.145000	7.197564E+1	-4.361602E+0
1.150000	5.863138E+1	-4.291269E+0
1.155000	6.341142E+1	-4.200840E+0
1.160000	8.113738E+1	-4.115436E+0
1.165000	8.034070E+1	-4.035055E+0
1.170000	5.873097E+1	-3.959698E+0
1.175000	8.153571E+1	-3.869270E+0
1.180000	4.807547E+1	-3.793913E+0
1.185000	8.263114E+1	-3.713532E+0
1.190000	5.942805E+1	-3.628128E+0
1.195000	4.976840E+1	-3.557795E+0
1.200000	7.844861E+1	-3.469878E+0
1.205000	2.875617E+1	-3.384474E+0
1.210000	7.197564E+1	-3.306605E+0
1.215000	3.901332E+1	-3.223712E+0
1.220000	3.672289E+1	-3.135796E+0
1.225000	6.092181E+1	-3.055415E+0
1.230000	2.307988E+1	-2.975034E+0
1.235000	6.301308E+1	-2.889630E+0
1.240000	1.969402E+1	-2.819297E+0
1.245000	3.034951E+1	-2.733892E+0
1.250000	3.423329E+1	-2.643464E+0
1.255000	2.387655E+1	-2.568107E+0
1.260000	4.528712E+1	-2.485214E+0
1.265000	3.741998E+1	-2.394786E+0
1.270000	2.925409E+1	-2.321941E+0
1.275000	2.009236E+1	-2.229001E+0
1.280000	3.303828E+1	-2.146108E+0
1.285000	4.419169E+1	-2.070751E+0
1.290000	6.729519E+1	-1.985347E+0
1.295000	2.566906E+1	-1.899942E+0
1.300000	2.357780E+1	-1.829609E+0
1.305000	7.307107E+1	-1.739181E+0
1.310000	3.771873E+1	-1.651264E+0
1.315000	8.243197E+1	-1.578419E+0
1.320000	2.616698E+1	-1.487991E+0
1.325000	2.556948E+1	-1.402586E+0
1.330000	8.093821E+1	-1.327230E+0
1.335000	2.068986E+1	-1.234289E+0
1.340000	7.894653E+1	-1.156421E+0
1.345000	4.887214E+1	-1.078552E+0
1.350000	5.424968E+1	-9.881234E-1
1.355000	8.113738E+1	-9.127665E-1
1.360000	2.756116E+1	-8.273620E-1
1.365000	7.366857E+1	-7.444693E-1
1.370000	6.590102E+1	-6.590648E-1
1.375000	7.237398E+1	-5.736603E-1
1.380000	7.466441E+1	-4.907677E-1
1.385000	4.568546E+1	-4.103870E-1
1.390000	5.225800E+1	-3.325181E-1
1.395000	7.824944E+1	-2.370660E-1
1.400000	7.725360E+1	-1.667329E-1
1.405000	5.494677E+1	-7.128081E-2
1.410000	7.506275E+1	6.588017E-3
1.415000	4.349461E+1	8.948063E-2
1.420000	8.243197E+1	1.698614E-1
1.425000	6.600060E+1	2.552659E-1
1.430000	4.857339E+1	3.406704E-1
1.435000	7.496316E+1	4.285868E-1
1.440000	2.039111E+1	5.089675E-1
1.445000	7.376816E+1	5.918601E-1
1.450000	6.988438E+1	6.822884E-1
1.455000	2.148653E+1	7.576454E-1
1.460000	7.864777E+1	8.405380E-1
1.465000	2.417530E+1	9.309663E-1
1.470000	4.857339E+1	1.003811E+0
1.475000	3.712123E+1	1.096752E+0
1.480000	2.148653E+1	1.179644E+0
1.485000	6.699644E+1	1.265049E+0
1.490000	2.795950E+1	1.347941E+0
1.495000	2.437447E+1	1.430834E+0
1.500000	3.483079E+1	1.506191E+0
1.505000	3.811707E+1	1.601643E+0
1.510000	3.293870E+1	1.671976E+0
1.515000	2.586823E+1	1.762404E+0
1.520000	2.427489E+1	1.855345E+0
1.525000	2.228320E+1	1.925678E+0
1.530000	4.349461E+1	2.016106E+0
1.535000	2.427489E+1	2.101511E+0
1.540000	3.582663E+1	2.189427E+0
1.545000	3.582663E+1	2.277343E+0
1.550000	4.638254E+1	2.345165E+0
1.555000	4.528712E+1	2.438105E+0
1.560000	3.751956E+1	2.513462E+0
1.565000	6.809187E+1	2.611426E+0
1.570000	4.080584E+1	2.686783E+0
1.575000	6.938646E+1	2.782235E+0
1.580000	6.530351E+1	2.852568E+0
1.585000	5.494677E+1	2.950532E+0
1.590000	7.974320E+1	3.025889E+0
1.595000	5.982639E+1	3.123853E+0
1.600000	7.924528E+1	3.196698E+0
1.605000	7.406691E+1	3.284614E+0
1.610000	7.327024E+1	3.372531E+0
1.615000	7.575984E+1	3.455423E+0
1.620000	7.167689E+1	3.545852E+0
1.625000	7.237398E+1	3.618697E+0
1.630000	8.173488E+1	3.719173E+0
1.635000	8.014154E+1	3.794529E+0
1.640000	6.619977E+1	3.889982E+0
1.645000	7.745277E+1	3.975386E+0
1.650000	5.534511E+1	3.967850E+0
1.655000	7.735318E+1	3.902541E+0
1.660000	7.476400E+1	3.817137E+0
1.665000	7.287190E+1	3.749315E+0
1.670000	7.486358E+1	3.676470E+0
1.675000	6.141973E+1	3.593578E+0
1.680000	7.267273E+1	3.528268E+0
1.685000	7.894653E+1	3.452911E+0
1.690000	7.954403E+1	3.375043E+0
1.695000	5.912930E+1	3.304709E+0
1.700000	7.446524E+1	3.236888E+0
1.705000	6.570185E+1	3.159019E+0
1.710000	7.994237E+1	3.081151E+0
1.715000	7.336982E+1	3.020865E+0
1.720000	4.937007E+1	2.942996E+0
1.725000	8.004195E+1	2.862615E+0
1.730000	4.100501E+1	2.802330E+0
1.735000	7.785110E+1	2.724461E+0
1.740000	6.062306E+1	2.644080E+0
1.745000	3.552788E+1	2.583795E+0
1.750000	7.974320E+1	2.503414E+0
1.755000	2.805908E+1	2.425545E+0
1.760000	7.287190E+1	2.357724E+0
1.765000	4.070625E+1	2.294927E+0
1.770000	2.646573E+1	2.219570E+0
1.775000	7.336982E+1	2.139189E+0
1.780000	2.696365E+1	2.073880E+0
1.785000	6.062306E+1	2.008570E+0
1.790000	2.447405E+1	1.925678E+0
1.795000	2.168570E+1	1.857856E+0
1.800000	6.311266E+1	1.790035E+0
1.805000	3.771873E+1	1.712166E+0
1.810000	4.717922E+1	1.639321E+0
1.815000	2.188487E+1	1.576524E+0
1.820000	2.248237E+1	1.498655E+0
1.825000	4.409211E+1	1.420786E+0
1.830000	5.405052E+1	1.357989E+0
1.835000	3.961083E+1	1.292680E+0
1.840000	3.702164E+1	1.222346E+0
1.845000	2.935367E+1	1.144478E+0
1.850000	2.935367E+1	1.066609E+0
1.855000	7.655651E+1	9.937637E-1
1.860000	3.622497E+1	9.259425E-1
1.865000	6.440726E+1	8.631451E-1
1.870000	4.110459E+1	7.903000E-1
1.875000	2.298029E+1	7.124312E-1
1.880000	8.004195E+1	6.471219E-1
1.885000	3.044910E+1	5.818125E-1
1.890000	8.113738E+1	5.064556E-1
1.895000	5.335343E+1	4.285868E-1
1.900000	2.198445E+1	3.683013E-1
1.905000	7.078063E+1	2.904324E-1
1.910000	2.347821E+1	2.100517E-1
1.915000	7.715401E+1	1.522781E-1
1.920000	6.201724E+1	7.692115E-2
1.925000	3.990958E+1	6.588017E-3
1.930000	5.743637E+1	-5.620942E-2
1.935000	2.148653E+1	-1.416139E-1
1.940000	6.988438E+1	-2.069233E-1
1.945000	7.287190E+1	-2.697207E-1
1.950000	5.624136E+1	-3.475895E-1
1.955000	4.339502E+1	-4.254584E-1
1.960000	3.164410E+1	-4.907677E-1
1.965000	5.016674E+1	-5.661246E-1
1.970000	8.073904E+1	-6.264102E-1
1.975000	6.729519E+1	-7.042790E-1
1.980000	2.397613E+1	-7.746121E-1
1.985000	4.618338E+1	-8.374095E-1
1.990000	3.971041E+1	-9.127665E-1
1.995000	7.476400E+1	-9.931472E-1
2.000000	7.526192E+1	-1.055945E+0
2.005000	2.138695E+1	-1.118742E+0
2.010000	7.327024E+1	-1.194099E+0
2.015000	3.522913E+1	-1.269456E+0
2.020000	4.528712E+1	-1.337277E+0
2.025000	7.954403E+1	-1.402586E+0
2.030000	2.078944E+1	-1.475432E+0
2.035000	8.034070E+1	-1.545765E+0
2.040000	2.616698E+1	-1.621122E+0
2.045000	4.020833E+1	-1.691455E+0
2.050000	6.261474E+1	-1.756764E+0
2.055000	2.049069E+1	-1.822073E+0
2.060000	6.002556E+1	-1.899942E+0
2.065000	2.098861E+1	-1.975299E+0
2.070000	3.532871E+1	-2.033073E+0
2.075000	4.389294E+1	-2.110942E+0
2.080000	2.875617E+1	-2.188810E+0
2.085000	4.279752E+1	-2.249096E+0
2.090000	2.278112E+1	-2.319429E+0
2.095000	2.078944E+1	-2.394786E+0
2.100000	2.387655E+1	-2.462607E+0
2.105000	3.383495E+1	-2.522893E+0
2.110000	2.238279E+1	-2.603273E+0
2.115000	2.825825E+1	-2.678630E+0
2.120000	1.989319E+1	-2.743940E+0
2.125000	2.188487E+1	-2.806737E+0
2.130000	6.072265E+1	-2.887118E+0
2.135000	2.148653E+1	-2.949915E+0
2.140000	3.871457E+1	-3.012713E+0
2.145000	2.696365E+1	-3.095605E+0
2.150000	2.676449E+1	-3.155891E+0
2.155000	5.604220E+1	-3.226224E+0
2.160000	3.821665E+1	-3.304093E+0
2.165000	6.590102E+1	-3.359355E+0
2.170000	4.966882E+1	-3.439735E+0
2.175000	4.200085E+1	-3.517604E+0
2.180000	6.669769E+1	-3.570354E+0
2.185000	5.424968E+1	-3.648223E+0
2.190000	7.496316E+1	-3.718556E+0
2.195000	6.868937E+1	-3.773818E+0
2.200000	6.291350E+1	-3.849175E+0
2.205000	7.864777E+1	-3.924532E+0
2.210000	7.237398E+1	-3.987329E+0
2.215000	8.193405E+1	-4.050126E+0
2.220000	7.884694E+1	-4.133019E+0
2.225000	7.466441E+1	-4.190793E+0
2.230000	8.143613E+1	-4.263638E+0
2.235000	8.073904E+1	-4.341507E+0
2.240000	7.824944E+1	-4.401792E+0
2.245000	8.014154E+1	-4.457054E+0
2.250000	8.412490E+1	-4.539946E+0
2.255000	8.133654E+1	-4.612791E+0
2.260000	8.193405E+1	-4.522363E+0
2.265000	8.292989E+1	-4.444494E+0
2.270000	8.233238E+1	-4.364114E+0
2.275000	8.103779E+1	-4.278709E+0
2.280000	8.083862E+1	-4.198328E+0
2.285000	7.695485E+1	-4.115436E+0
2.290000	8.163530E+1	-4.032543E+0
2.295000	8.014154E+1	-3.959698E+0
2.300000	7.207523E+1	-3.871782E+0
2.305000	7.556067E+1	-3.793913E+0
2.310000	6.490518E+1	-3.718556E+0
2.315000	6.898812E+1	-3.633151E+0
2.320000	6.570185E+1	-3.550259E+0
2.325000	5.305467E+1	-3.477414E+0
2.330000	6.390934E+1	-3.386986E+0
2.335000	4.528712E+1	-3.301581E+0
2.340000	4.598421E+1	-3.226224E+0
2.345000	4.927048E+1	-3.140820E+0
2.350000	3.493038E+1	-3.050391E+0
2.355000	4.439086E+1	-2.972522E+0
2.360000	3.044910E+1	-2.902189E+0
2.365000	3.034951E+1	-2.811761E+0
2.370000	3.024993E+1	-2.728868E+0
2.375000	2.258196E+1	-2.640952E+0
2.380000	2.636615E+1	-2.563083E+0
2.385000	2.068986E+1	-2.485214E+0
2.390000	2.108820E+1	-2.389762E+0
2.395000	2.248237E+1	-2.306870E+0
2.400000	2.088903E+1	-2.231513E+0
2.405000	2.088903E+1	-2.158668E+0
2.410000	2.576865E+1	-2.063216E+0
2.415000	2.586823E+1	-1.985347E+0
2.420000	2.397613E+1	-1.909990E+0
2.425000	3.622497E+1	-1.822073E+0
2.430000	2.676449E+1	-1.729133E+0
2.435000	3.682248E+1	-1.653776E+0
2.440000	3.672289E+1	-1.575907E+0
2.445000	4.040750E+1	-1.482967E+0
2.450000	5.723720E+1	-1.400075E+0
2.455000	4.468961E+1	-1.327230E+0
2.460000	5.524552E+1	-1.236801E+0
2.465000	5.843221E+1	-1.153909E+0
2.470000	5.743637E+1	-1.073528E+0
2.475000	7.237398E+1	-1.003195E+0
2.480000	6.171849E+1	-9.052308E-1
2.485000	7.625776E+1	-8.173144E-1
2.490000	7.476400E+1	-7.369336E-1
2.495000	7.566025E+1	-6.615767E-1
2.500000	7.904611E+1	-5.661246E-1
2.505000	7.864777E+1	-4.907677E-1
2.510000	8.233238E+1	-4.078751E-1
2.515000	8.034070E+1	-3.249825E-1
2.520000	7.984278E+1	-2.370660E-1
2.525000	7.665609E+1	-1.617091E-1
2.530000	8.073904E+1	-7.630460E-2
2.535000	7.147772E+1	1.412371E-2
2.540000	7.556067E+1	9.199253E-2
2.545000	7.287190E+1	1.698614E-1
2.550000	6.689686E+1	2.602897E-1
2.555000	7.267273E+1	3.507180E-1
2.560000	5.355259E+1	4.260749E-1
2.565000	6.400892E+1	5.039437E-1
2.570000	5.614178E+1	5.918601E-1
2.575000	4.369377E+1	6.797765E-1
2.580000	5.405052E+1	7.576454E-1
2.585000	3.303828E+1	8.355142E-1
2.590000	4.707963E+1	9.334782E-1
2.595000	3.512955E+1	1.011347E+0
2.600000	2.776033E+1	1.091728E+0
2.605000	3.652372E+1	1.189692E+0
2.610000	2.487239E+1	1.262537E+0
2.615000	2.776033E+1	1.337894E+0
2.620000	2.307988E+1	1.425810E+0
2.625000	2.198445E+1	1.518750E+0
2.630000	2.616698E+1	1.596619E+0
2.635000	2.626657E+1	1.671976E+0
2.640000	2.068986E+1	1.767428E+0
2.645000	2.586823E+1	1.850321E+0
2.650000	2.945326E+1	1.928190E+0
2.655000	2.437447E+1	2.018618E+0
2.660000	3.791790E+1	2.106534E+0
2.665000	3.094702E+1	2.186915E+0
2.670000	3.981000E+1	2.262272E+0
2.675000	4.538670E+1	2.352700E+0
2.680000	3.353620E+1	2.448152E+0
2.685000	6.002556E+1	2.520997E+0
2.690000	4.608379E+1	2.598866E+0
2.695000	6.112098E+1	2.691806E+0
2.700000	6.132015E+1	2.784747E+0
2.705000	5.693845E+1	2.865127E+0
2.710000	7.506275E+1	2.942996E+0
2.715000	6.400892E+1	3.035936E+0
2.720000	7.486358E+1	3.118829E+0
2.725000	7.665609E+1	3.194186E+0
2.730000	7.376816E+1	3.287126E+0
2.735000	7.964362E+1	3.372531E+0
2.740000	7.346940E+1	3.460447E+0
2.745000	7.874736E+1	3.548363E+0
2.750000	8.024112E+1	3.626232E+0
2.755000	7.715401E+1	3.719173E+0
2.760000	6.948604E+1	3.799553E+0
2.765000	7.954403E+1	3.884958E+0
2.770000	6.878895E+1	3.980410E+0
2.775000	6.888854E+1	3.967850E+0
2.780000	7.994237E+1	3.892493E+0
2.785000	6.829103E+1	3.829696E+0
2.790000	7.904611E+1	3.749315E+0
2.795000	7.585942E+1	3.676470E+0
2.800000	7.725360E+1	3.606137E+0
2.805000	8.173488E+1	3.520733E+0
2.810000	7.874736E+1	3.450399E+0
2.815000	7.695485E+1	3.382578E+0
2.820000	7.944445E+1	3.302198E+0
2.825000	7.904611E+1	3.221817E+0
2.830000	7.356899E+1	3.164043E+0
2.835000	7.715401E+1	3.086174E+0
2.840000	6.709603E+1	3.015841E+0
2.845000	7.685526E+1	2.945508E+0
2.850000	7.127856E+1	2.862615E+0
2.855000	6.112098E+1	2.794794E+0
2.860000	7.197564E+1	2.729485E+0
2.865000	5.534511E+1	2.649104E+0
2.870000	6.410850E+1	2.576259E+0
2.875000	5.434927E+1	2.510950E+0
2.880000	4.229960E+1	2.425545E+0
2.885000	5.743637E+1	2.360236E+0
2.890000	4.190126E+1	2.289903E+0
2.895000	4.927048E+1	2.214546E+0
2.900000	3.841582E+1	2.146725E+0
2.905000	3.184327E+1	2.073880E+0
2.910000	4.379336E+1	1.996011E+0
2.915000	2.825825E+1	1.928190E+0
2.920000	3.164410E+1	1.860368E+0
2.925000	2.965242E+1	1.782500E+0
2.930000	2.507156E+1	1.707143E+0
2.935000	2.885575E+1	1.649369E+0
2.940000	2.118778E+1	1.574012E+0
2.945000	2.596781E+1	1.493631E+0
2.950000	2.367738E+1	1.428322E+0
2.955000	2.317946E+1	1.363013E+0
2.960000	2.148653E+1	1.277608E+0
2.965000	2.746157E+1	1.212299E+0
2.970000	2.317946E+1	1.141966E+0
2.975000	2.497197E+1	1.069121E+0
2.980000	2.995118E+1	1.001299E+0
2.985000	2.795950E+1	9.234306E-1
2.990000	3.871457E+1	8.656570E-1
2.995000	3.064826E+1	7.827643E-1
3.000000	3.652372E+1	7.199669E-1
3.005000	4.648213E+1	6.395862E-1
3.010000	3.951124E+1	5.818125E-1
3.015000	5.156091E+1	4.989199E-1
3.020000	4.777672E+1	4.386344E-1
3.025000	5.703804E+1	3.482061E-1
3.030000	5.783471E+1	2.904324E-1
3.035000	6.062306E+1	2.100517E-1
3.040000	6.520393E+1	1.547900E-1
3.045000	6.759395E+1	7.189735E-2
3.050000	6.819145E+1	1.161181E-2
3.055000	6.978479E+1	-7.128081E-2
3.060000	7.785110E+1	-1.315663E-1
3.065000	7.735318E+1	-2.144590E-1
3.070000	7.914569E+1	-2.722326E-1
3.075000	8.004195E+1	-3.551252E-1
3.080000	7.894653E+1	-4.179227E-1
3.085000	8.014154E+1	-5.008153E-1
3.090000	8.093821E+1	-5.611008E-1
3.095000	8.292989E+1	-6.339458E-1
3.100000	7.824944E+1	-7.017671E-1
3.105000	8.034070E+1	-7.721002E-1
3.110000	7.486358E+1	-8.449452E-1
3.115000	7.396732E+1	-9.077427E-1
3.120000	7.217481E+1	-9.931472E-1
3.125000	7.287190E+1	-1.048409E+0
3.130000	7.257315E+1	-1.136325E+0
3.135000	6.191765E+1	-1.194099E+0
3.140000	6.132015E+1	-1.276992E+0
3.145000	6.619977E+1	-1.327230E+0
3.150000	5.434927E+1	-1.412634E+0
3.155000	5.922889E+1	-1.472920E+0
3.160000	4.787630E+1	-1.555812E+0
3.165000	4.877256E+1	-1.618610E+0
3.170000	4.757755E+1	-1.686431E+0
3.175000	3.851540E+1	-1.764300E+0
3.180000	4.120417E+1	-1.829609E+0
3.185000	3.234119E+1	-1.899942E+0
3.190000	3.303828E+1	-1.970275E+0
3.195000	2.905492E+1	-2.040608E+0
3.200000	2.457364E+1	-2.110942E+0
3.205000	2.616698E+1	-2.173739E+0
3.210000	2.437447E+1	-2.246584E+0
3.215000	2.258196E+1	-2.316917E+0
3.220000	2.168570E+1	-2.389762E+0
3.225000	2.208404E+1	-2.467631E+0
3.230000	2.118778E+1	-2.522893E+0
3.235000	2.049069E+1	-2.610809E+0
3.240000	2.148653E+1	-2.668583E+0
3.245000	2.447405E+1	-2.751475E+0
3.250000	2.517114E+1	-2.806737E+0
3.255000	2.387655E+1	-2.887118E+0
3.260000	2.935367E+1	-2.944892E+0
3.265000	3.164410E+1	-3.025272E+0
3.270000	3.114618E+1	-3.083046E+0
3.275000	3.751956E+1	-3.158403E+0
3.280000	3.751956E+1	-3.226224E+0
3.285000	4.797589E+1	-3.299069E+0
3.290000	4.688046E+1	-3.369402E+0
3.295000	4.618338E+1	-3.432200E+0
3.300000	5.484719E+1	-3.512580E+0
3.305000	5.883055E+1	-3.570354E+0
3.310000	6.351100E+1	-3.648223E+0
3.315000	6.351100E+1	-3.708508E+0
3.320000	6.261474E+1	-3.786377E+0
3.325000	7.336982E+1	-3.839127E+0
3.330000	7.237398E+1	-3.924532E+0
3.335000	7.486358E+1	-3.982305E+0
3.340000	7.416649E+1	-4.055150E+0
3.345000	7.615817E+1	-4.125483E+0
3.350000	8.193405E+1	-4.200840E+0
3.355000	7.934486E+1	-4.261126E+0
3.360000	8.004195E+1	-4.336483E+0
3.365000	8.243197E+1	-4.391745E+0
3.370000	8.452323E+1	-4.474637E+0
3.375000	8.123696E+1	-4.534923E+0
3.380000	7.854819E+1	-4.612791E+0
3.385000	8.442365E+1	-4.529899E+0
3.390000	8.372656E+1	-4.444494E+0
3.395000	8.053987E+1	-4.356578E+0
3.400000	8.133654E+1	-4.283733E+0
3.405000	8.004195E+1	-4.190793E+0
3.410000	7.765193E+1	-4.122971E+0
3.415000	8.053987E+1	-4.037567E+0
3.420000	7.496316E+1	-3.954674E+0
3.425000	7.167689E+1	-3.874294E+0
3.430000	7.386774E+1	-3.793913E+0
3.435000	6.361058E+1	-3.711020E+0
3.440000	6.868937E+1	-3.628128E+0
3.445000	6.072265E+1	-3.552771E+0
3.450000	5.584303E+1	-3.459831E+0
3.455000	5.952764E+1	-3.386986E+0
3.460000	4.329544E+1	-3.299069E+0
3.465000	5.225800E+1	-3.221200E+0
3.470000	4.190126E+1	-3.138308E+0
3.475000	3.662331E+1	-3.057927E+0
3.480000	4.100501E+1	-2.977546E+0
3.485000	2.805908E+1	-2.892142E+0
3.490000	3.592622E+1	-2.811761E+0
3.495000	2.537031E+1	-2.728868E+0
3.500000	2.278112E+1	-2.643464E+0
3.505000	2.736199E+1	-2.565595E+0
3.510000	2.128736E+1	-2.470143E+0
3.515000	2.198445E+1	-2.394786E+0
3.520000	2.029152E+1	-2.311893E+0
3.525000	2.278112E+1	-2.231513E+0
3.530000	2.138695E+1	-2.151132E+0
3.535000	2.776033E+1	-2.068239E+0
3.540000	2.088903E+1	-1.977811E+0
3.545000	3.084743E+1	-1.907478E+0
3.550000	2.875617E+1	-1.812026E+0
3.555000	3.015034E+1	-1.731645E+0
3.560000	4.269793E+1	-1.648752E+0
3.565000	3.582663E+1	-1.565860E+0
3.570000	4.897173E+1	-1.482967E+0
3.575000	4.558587E+1	-1.402586E+0
3.580000	4.449045E+1	-1.324718E+0
3.585000	6.410850E+1	-1.241825E+0
3.590000	5.584303E+1	-1.156421E+0
3.595000	6.769353E+1	-1.068504E+0
3.600000	6.799228E+1	-9.956591E-1
3.605000	7.078063E+1	-9.002070E-1
3.610000	7.446524E+1	-8.248501E-1
3.615000	6.938646E+1	-7.319098E-1
3.620000	7.595901E+1	-6.615767E-1
3.625000	8.024112E+1	-5.711484E-1
3.630000	7.984278E+1	-4.932796E-1
3.635000	8.263114E+1	-4.128989E-1
3.640000	8.034070E+1	-3.274944E-1
3.645000	8.173488E+1	-2.446017E-1
3.650000	7.765193E+1	-1.617091E-1
3.655000	7.805027E+1	-7.630460E-2
3.660000	6.948604E+1	4.076120E-3
3.665000	7.725360E+1	9.199253E-2
3.670000	7.078063E+1	1.799089E-1
3.675000	6.839062E+1	2.602897E-1
3.680000	7.088022E+1	3.456942E-1
3.685000	5.514594E+1	4.210511E-1
3.690000	6.181807E+1	5.139913E-1
3.695000	4.707963E+1	5.843244E-1
3.700000	5.295509E+1	6.822884E-1
3.705000	5.424968E+1	7.576454E-1
3.710000	3.602580E+1	8.430499E-1
3.715000	4.439086E+1	9.309663E-1
3.720000	3.074785E+1	1.013859E+0
3.725000	3.692206E+1	1.096752E+0
3.730000	3.244078E+1	1.182156E+0
3.735000	2.327904E+1	1.265049E+0
3.740000	2.785991E+1	1.337894E+0
3.745000	2.298029E+1	1.433346E+0
3.750000	2.477281E+1	1.506191E+0
3.755000	2.347821E+1	1.596619E+0
3.760000	2.337863E+1	1.679512E+0
3.765000	2.307988E+1	1.764916E+0
3.770000	2.835783E+1	1.857856E+0
3.775000	2.477281E+1	1.928190E+0
3.780000	2.517114E+1	2.018618E+0
3.785000	3.622497E+1	2.104022E+0
3.790000	3.064826E+1	2.184403E+0
3.795000	4.568546E+1	2.269808E+0
3.800000	3.672289E+1	2.352700E+0
3.805000	4.439086E+1	2.438105E+0
3.810000	5.454844E+1	2.523509E+0
3.815000	4.887214E+1	2.613938E+0
3.820000	6.231599E+1	2.686783E+0
3.825000	5.803388E+1	2.782235E+0
3.830000	6.251516E+1	2.872663E+0
3.835000	7.127856E+1	2.942996E+0
3.840000	6.450684E+1	3.038448E+0
3.845000	7.954403E+1	3.108781E+0
3.850000	7.486358E+1	3.204234E+0
3.855000	7.735318E+1	3.287126E+0
3.860000	8.093821E+1	3.375043E+0
3.865000	7.884694E+1	3.457935E+0
3.870000	7.994237E+1	3.545852E+0
3.875000	7.974320E+1	3.623720E+0
3.880000	7.566025E+1	3.719173E+0
3.885000	7.595901E+1	3.802065E+0
3.890000	7.864777E+1	3.882446E+0
3.895000	6.849020E+1	3.977898E+0
3.900000	7.386774E+1	3.977898E+0
3.905000	7.307107E+1	3.895005E+0
3.910000	7.725360E+1	3.822160E+0
3.915000	7.715401E+1	3.746803E+0
3.920000	7.247356E+1	3.673958E+0
3.925000	8.223280E+1	3.598601E+0
3.930000	7.924528E+1	3.525756E+0
3.935000	7.914569E+1	3.442864E+0
3.940000	7.695485E+1	3.380066E+0
3.945000	7.924528E+1	3.302198E+0
3.950000	7.944445E+1	3.231864E+0
3.955000	7.595901E+1	3.156507E+0
3.960000	7.307107E+1	3.081151E+0
3.965000	7.237398E+1	3.025889E+0
3.970000	7.247356E+1	2.937972E+0
3.975000	6.759395E+1	2.872663E+0
3.980000	6.749436E+1	2.797306E+0
3.985000	6.550268E+1	2.714414E+0
3.990000	5.693845E+1	2.654128E+0
3.995000	6.042389E+1	2.568723E+0
4.000000	5.564386E+1	2.503414E+0
4.005000	5.215842E+1	2.433081E+0
4.010000	4.966882E+1	2.360236E+0
4.015000	4.518754E+1	2.294927E+0
4.020000	3.741998E+1	2.209522E+0
4.025000	4.180168E+1	2.149237E+0
4.030000	3.353620E+1	2.063832E+0
4.035000	3.244078E+1	2.003547E+0
4.040000	3.313787E+1	1.925678E+0
4.045000	2.815866E+1	1.855345E+0
4.050000	2.865658E+1	1.790035E+0
4.055000	2.397613E+1	1.707143E+0
4.060000	2.447405E+1	1.649369E+0
4.065000	2.467322E+1	1.576524E+0
4.070000	2.357780E+1	1.503679E+0
4.075000	2.268154E+1	1.420786E+0
4.080000	2.337863E+1	1.357989E+0
4.085000	2.467322E+1	1.282632E+0
4.090000	2.626657E+1	1.212299E+0
4.095000	2.487239E+1	1.136942E+0
4.100000	2.566906E+1	1.069121E+0
4.105000	3.214203E+1	9.962756E-1
4.110000	3.094702E+1	9.334782E-1
4.115000	3.483079E+1	8.505856E-1
4.120000	3.064826E+1	7.903000E-1
4.125000	4.060667E+1	7.074074E-1
4.130000	4.628296E+1	6.446100E-1
4.135000	3.841582E+1	5.717650E-1
4.140000	5.673928E+1	5.014318E-1
4.145000	5.195925E+1	4.260749E-1
4.150000	5.255675E+1	3.582537E-1
4.155000	6.570185E+1	2.854086E-1
4.160000	5.853180E+1	2.226112E-1
4.165000	6.898812E+1	1.397186E-1
4.170000	6.729519E+1	8.194494E-2
4.175000	6.739478E+1	6.588017E-3
4.180000	7.217481E+1	-6.876891E-2
4.185000	7.117897E+1	-1.391020E-1
4.190000	8.034070E+1	-2.094352E-1
4.195000	7.526192E+1	-2.822802E-1
4.200000	7.725360E+1	-3.526133E-1
4.205000	8.083862E+1	-4.229465E-1
4.210000	8.123696E+1	-4.932796E-1
4.215000	8.183446E+1	-5.636127E-1
4.220000	7.974320E+1	-6.339458E-1
4.225000	7.954403E+1	-6.992552E-1
4.230000	7.575984E+1	-7.746121E-1
4.235000	8.103779E+1	-8.424333E-1
4.240000	6.998396E+1	-9.177903E-1
4.245000	7.705443E+1	-9.856115E-1
4.250000	6.819145E+1	-1.065992E+0
4.255000	6.261474E+1	-1.128790E+0
4.260000	7.197564E+1	-1.206658E+0
4.265000	5.833263E+1	-1.264432E+0
4.270000	6.161890E+1	-1.344813E+0
4.275000	5.743637E+1	-1.405098E+0
4.280000	4.787630E+1	-1.482967E+0
4.285000	5.693845E+1	-1.543253E+0
4.290000	3.841582E+1	-1.618610E+0
4.295000	4.757755E+1	-1.691455E+0
4.300000	3.901332E+1	-1.764300E+0
4.305000	3.363579E+1	-1.837145E+0
4.310000	3.741998E+1	-1.897430E+0
4.315000	2.785991E+1	-1.980323E+0
4.320000	3.124577E+1	-2.040608E+0
4.325000	2.756116E+1	-2.108430E+0
4.330000	2.427489E+1	-2.178763E+0
4.335000	2.427489E+1	-2.256632E+0
4.340000	2.168570E+1	-2.321941E+0
4.345000	2.357780E+1	-2.392274E+0
4.350000	2.158612E+1	-2.462607E+0
4.355000	2.088903E+1	-2.535452E+0
4.360000	2.148653E+1	-2.613321E+0
4.365000	2.666490E+1	-2.668583E+0
4.370000	2.337863E+1	-2.743940E+0
4.375000	2.457364E+1	-2.809249E+0
4.380000	2.546989E+1	-2.874558E+0
4.385000	2.785991E+1	-2.949915E+0
4.390000	3.990958E+1	-3.027784E+0
4.395000	3.273953E+1	-3.085558E+0
4.400000	3.881416E+1	-3.158403E+0
4.405000	4.429128E+1	-3.231248E+0
4.410000	4.100501E+1	-3.296557E+0
4.415000	5.136175E+1	-3.374426E+0
4.420000	4.787630E+1	-3.439735E+0
4.425000	5.823305E+1	-3.507557E+0
4.430000	5.962722E+1	-3.575378E+0
4.435000	5.743637E+1	-3.645711E+0
4.440000	6.560226E+1	-3.718556E+0
4.445000	7.127856E+1	-3.778842E+0
4.450000	7.466441E+1	-3.854198E+0
4.455000	7.446524E+1	-3.924532E+0
4.460000	7.476400E+1	-3.992353E+0
4.465000	7.914569E+1	-4.067710E+0
4.470000	7.894653E+1	-4.127995E+0
4.475000	7.964362E+1	-4.200840E+0
4.480000	8.273072E+1	-4.258614E+0
4.485000	8.163530E+1	-4.338995E+0
4.490000	8.004195E+1	-4.401792E+0
4.495000	8.083862E+1	-4.472125E+0
4.500000	8.312906E+1	-4.544970E+0
4.505000	8.253155E+1	-4.610280E+0
4.510000	8.083862E+1	-4.524875E+0
4.515000	7.934486E+1	-4.441982E+0
4.520000	8.283030E+1	-4.356578E+0
4.525000	8.243197E+1	-4.278709E+0
4.530000	8.143613E+1	-4.200840E+0
4.535000	7.805027E+1	-4.120460E+0
4.540000	7.954403E+1	-4.035055E+0
4.545000	7.844861E+1	-3.959698E+0
4.550000	7.506275E+1	-3.871782E+0
4.555000	7.297148E+1	-3.798937E+0
4.560000	6.291350E+1	-3.705996E+0
4.565000	7.028271E+1	-3.628128E+0
4.570000	6.251516E+1	-3.542723E+0
4.575000	5.853180E+1	-3.459831E+0
4.580000	5.922889E+1	-3.384474E+0
4.585000	4.996757E+1	-3.294045E+0
4.590000	5.504636E+1	-3.221200E+0
4.595000	4.429128E+1	-3.140820E+0
4.600000	4.050708E+1	-3.057927E+0
4.605000	4.239918E+1	-2.977546E+0
4.610000	3.164410E+1	-2.884606E+0
4.615000	3.273953E+1	-2.814273E+0
4.620000	2.636615E+1	-2.718821E+0
4.625000	2.596781E+1	-2.643464E+0
4.630000	2.606740E+1	-2.553036E+0
4.635000	2.228320E+1	-2.482702E+0
4.640000	2.278112E+1	-2.387250E+0
4.645000	2.138695E+1	-2.321941E+0
4.650000	2.288071E+1	-2.223977E+0
4.655000	2.138695E+1	-2.146108E+0
4.660000	2.576865E+1	-2.065727E+0
4.665000	2.278112E+1	-1.980323E+0
4.670000	2.347821E+1	-1.897430E+0
4.675000	2.845742E+1	-1.807002E+0
4.680000	3.054868E+1	-1.736669E+0
4.685000	4.140334E+1	-1.643729E+0
4.690000	3.861499E+1	-1.565860E+0
4.695000	4.130376E+1	-1.485479E+0
4.700000	5.255675E+1	-1.397563E+0
4.705000	4.867298E+1	-1.329741E+0
4.710000	5.654012E+1	-1.231777E+0
4.715000	5.395093E+1	-1.161444E+0
4.720000	6.351100E+1	-1.065992E+0
4.725000	6.948604E+1	-9.881234E-1
4.730000	6.619977E+1	-9.002070E-1
4.735000	7.247356E+1	-8.148025E-1
4.740000	7.645693E+1	-7.419574E-1
4.745000	7.665609E+1	-6.465053E-1
4.750000	7.735318E+1	-5.786841E-1
4.755000	8.113738E+1	-4.932796E-1
4.760000	7.974320E+1	-4.053632E-1
4.765000	8.083862E+1	-3.224706E-1
4.770000	8.332822E+1	-2.420898E-1
4.775000	8.053987E+1	-1.541734E-1
4.780000	7.884694E+1	-6.374511E-2
4.785000	7.785110E+1	9.099915E-3
4.790000	7.954403E+1	1.045520E-1
4.795000	7.257315E+1	1.799089E-1
4.800000	6.430767E+1	2.602897E-1
4.805000	7.247356E+1	3.431823E-1
4.810000	5.922889E+1	4.336106E-1
4.815000	6.679727E+1	5.039437E-1
4.820000	5.723720E+1	6.044196E-1
4.825000	4.966882E+1	6.722409E-1
4.830000	5.185967E+1	7.676930E-1
4.835000	3.542830E+1	8.430499E-1
4.840000	4.787630E+1	9.385020E-1
4.845000	3.891374E+1	1.006323E+0
4.850000	2.875617E+1	1.101775E+0
4.855000	3.781832E+1	1.174620E+0
4.860000	2.407572E+1	1.270072E+0
4.865000	3.423329E+1	1.342917E+0
4.870000	2.278112E+1	1.435858E+0
4.875000	2.228320E+1	1.516238E+0
4.880000	2.497197E+1	1.594107E+0
4.885000	2.537031E+1	1.684536E+0
4.890000	2.357780E+1	1.769940E+0
4.895000	2.626657E+1	1.855345E+0
4.900000	2.995118E+1	1.938237E+0
4.905000	2.566906E+1	2.018618E+0
4.910000	3.244078E+1	2.098999E+0
4.915000	2.387655E+1	2.189427E+0
4.920000	4.299669E+1	2.272320E+0
4.925000	4.628296E+1	2.357724E+0
4.930000	3.403412E+1	2.438105E+0
4.935000	5.823305E+1	2.528533E+0
4.940000	4.508795E+1	2.613938E+0
4.945000	6.231599E+1	2.706878E+0
4.950000	6.171849E+1	2.777211E+0
4.955000	5.743637E+1	2.872663E+0
4.960000	7.257315E+1	2.942996E+0
4.965000	5.992597E+1	3.030913E+0
4.970000	7.416649E+1	3.118829E+0
4.975000	7.217481E+1	3.204234E+0
4.980000	7.456483E+1	3.287126E+0
4.985000	8.044029E+1	3.375043E+0
4.990000	7.795069E+1	3.470495E+0
4.995000	7.944445E+1	3.543340E+0
5.000000	7.914569E+1	3.636280E+0

